PSO_S_ODE_NonLinear
line 314
line 363
line 383
line 431
ln 482
ln 547
ln 559
ln 576
ln 626
ln 628
ln 633
ln 635
PSO:1
ln 695
ln 701
ln 775 - PSO starts
ln 1194
ln 1270
blindpso+cost.est:
  0.484647
  0.462146
 0.0477464
  0.203089
   0.48805
0.00710162
0.0630483

PSO:2
ln 652
ln 695
ln 701
ln 775 - PSO starts
line 804
 ln 948 
ln 961
ln 961
ln 961
ln 961
ln 961
line 804
 ln 948 
ln 961
ln 961
ln 961
ln 961
ln 961
line 804
 ln 948 
ln 961
ln 961
ln 961
ln 961
ln 961
line 804
 ln 948 
ln 961
ln 961
ln 961
ln 961
ln 961
igmme + cost.est:
   0.228556
  0.0252125
  0.0232157
   0.201046
 0.00103322
8.30367e-07
0.0237155

w.mat     2.33947      2.85719  -0.00176739 -0.000120098 -0.000104376 -9.82695e-05     0.656867   -0.0011098  -0.00223885
     2.85719       3.5299  -0.00236173  0.000239329  -0.00027274 -0.000116982     0.809081  -0.00143881  -0.00261987
 -0.00176739  -0.00236173   0.00598311  -2.3485e-05 -4.61367e-06 -8.22694e-05  -0.00056961  3.84963e-05 -3.03391e-05
-0.000120098  0.000239329  -2.3485e-05    1.203e-05  1.44663e-06  4.05389e-07  8.59478e-05 -6.17296e-06 -2.37501e-06
-0.000104376  -0.00027274 -4.61367e-06  1.44663e-06  4.08038e-06  1.56686e-08  -4.2556e-06 -8.07404e-07 -5.38335e-06
-9.82695e-05 -0.000116982 -8.22694e-05  4.05389e-07  1.56686e-08  1.68404e-06 -2.68451e-05  -1.2393e-06  8.04033e-07
    0.656867     0.809081  -0.00056961  8.59478e-05  -4.2556e-06 -2.68451e-05     0.186564 -0.000343493 -0.000665387
  -0.0011098  -0.00143881  3.84963e-05 -6.17296e-06 -8.07404e-07  -1.2393e-06 -0.000343493  1.62083e-05  4.49704e-06
 -0.00223885  -0.00261987 -3.03391e-05 -2.37501e-06 -5.38335e-06  8.04033e-07 -0.000665387  4.49704e-06  2.91006e-05

GBMAT: 
   0.400217   0.0264885    0.144095    0.624764    0.933991    0.345384     16384.1
   0.805653    0.883684   0.0234361    0.119637    0.683333   0.0136739     13932.5
   0.551379    0.400688   0.0503958     0.56456    0.337596  0.00652886     13850.3
   0.551379    0.400688   0.0503958     0.56456    0.337596  0.00652886     13850.3
   0.614298    0.421013   0.0501042    0.350788    0.591706  0.00741635       13367
   0.484647    0.462146   0.0477464    0.203089     0.48805  0.00710162     13285.7
   0.484647    0.462146   0.0477464    0.203089     0.48805  0.00710162   0.0630483
   0.484647    0.462146   0.0477464    0.203089     0.48805  0.00710162   0.0630483
   0.659061    0.466776   0.0246939    0.298001    0.501616   0.0033416   0.0563216
   0.555648    0.314654   0.0248251    0.301576    0.530475 0.000305361   0.0423448
    0.68652    0.270561   0.0265032    0.235052    0.411197  0.00076912   0.0320352
   0.721214    0.281788   0.0265032     0.22657    0.411197 0.000456714   0.0319531
   0.799567    0.148621   0.0265032     0.22657    0.411197 0.000456714   0.0277487
   0.774869    0.133177   0.0253889    0.248093    0.442887 0.000432931   0.0276773
   0.770805    0.151975   0.0246398    0.249754    0.274385  0.00036673   0.0267075
   0.777114    0.103312   0.0246398    0.249754    0.274385  0.00036673   0.0262932
   0.780529   0.0972312   0.0254471    0.248071    0.267818 0.000306919   0.0262441
   0.687667   0.0800553   0.0248657    0.258506    0.217835 0.000163563   0.0258359
   0.661266   0.0765228   0.0248657    0.261827    0.217835 0.000156227   0.0258165
   0.649977   0.0754673   0.0227371    0.245831    0.130443 0.000142854   0.0255663
   0.766438   0.0754673   0.0227371    0.253464    0.130443 8.04047e-05   0.0255122
   0.742712   0.0690636   0.0243116    0.412628   0.0842869 5.05937e-05   0.0250291
   0.745733   0.0690012   0.0233621    0.413806   0.0811613 5.05937e-05   0.0249609
   0.669729   0.0980199   0.0233621     0.63847   0.0811613 5.05937e-05   0.0249479
    0.60118   0.0641482    0.022894    0.479844    0.085052 3.49901e-05   0.0249328
   0.574858   0.0500636   0.0237245    0.449156   0.0561462 1.84411e-05   0.0249196
   0.599463   0.0572668   0.0231265    0.456801   0.0701025 2.59563e-05   0.0248998
   0.599463   0.0572668   0.0231265    0.456801   0.0701025 2.59563e-05   0.0248998
   0.541907   0.0584152   0.0226261    0.461686   0.0383052 1.38992e-05   0.0248815
   0.480993   0.0398568   0.0230704    0.516139   0.0282939 1.47437e-05   0.0248572
   0.480885   0.0398005   0.0230007    0.516027   0.0197466 1.02898e-05   0.0248533
   0.480885   0.0398005   0.0230007    0.516027   0.0197466 1.02898e-05   0.0248533
   0.471108   0.0405759   0.0227283    0.512768   0.0186128 1.01679e-05   0.0248462
   0.471108   0.0405759   0.0227283    0.512768   0.0186128 1.01679e-05   0.0279277
   0.476242   0.0564513   0.0265111    0.506317   0.0138372 7.55907e-06   0.0245006
   0.467537   0.0564513   0.0251496    0.506317   0.0131267 7.55907e-06    0.024021
   0.474343   0.0675939   0.0233342     0.54318   0.0110319 6.36389e-06   0.0237542
   0.474343   0.0675939   0.0233342     0.54318  0.00442806 6.36389e-06   0.0237518
   0.457039   0.0644059   0.0232289    0.364368  0.00745214 5.87525e-06   0.0237475
   0.370025   0.0496302   0.0232047    0.364334  0.00450453 5.86915e-06   0.0237386
   0.400703   0.0551255   0.0233553     0.39037  0.00459693 5.68623e-06   0.0237381
   0.311649   0.0384061   0.0236827    0.285184  0.00320092 5.68623e-06   0.0237281
   0.311649   0.0384061   0.0237109    0.285184  0.00320092 5.68623e-06   0.0237274
   0.309175   0.0383127   0.0236532     0.28516  0.00333189 5.62905e-06   0.0237221
   0.284109   0.0350559   0.0233009    0.303478  0.00333018 4.62626e-06   0.0237208
   0.284109   0.0350559   0.0233009    0.303478  0.00333018 4.62626e-06   0.0237274
   0.294053   0.0361934   0.0232851    0.314211  0.00319265 3.06855e-06   0.0237267
   0.291927    0.035735    0.023285    0.311864  0.00315222 2.43373e-06   0.0237263
   0.291927    0.035735    0.023285    0.311864  0.00315222 2.43373e-06   0.0237263
    0.22925   0.0248364   0.0232796    0.234399  0.00279712 1.88973e-06   0.0237222
   0.258021   0.0298289   0.0232788    0.269935  0.00295909 2.13253e-06    0.023722
   0.258021   0.0298289   0.0232788    0.269935   0.0017851 1.28647e-06   0.0237196
   0.246103   0.0286489    0.023205    0.235536  0.00176896  1.4487e-06   0.0237191
    0.24813   0.0288014   0.0232162    0.241171  0.00176899 1.42169e-06   0.0237179
    0.24813   0.0288014   0.0232162    0.241171  0.00176899 1.42169e-06   0.0237152
   0.228556   0.0252125   0.0232157    0.201046  0.00103322 8.30367e-07   0.0237117
   0.228556   0.0252125   0.0232157    0.201046  0.00103322 8.30367e-07   0.0237155
CODE FINISHED RUNNING IN 5663 s TIME!
Job Statistics for 1410554:
           JobID       User               Start                 End    Elapsed     MaxRSS   TotalCPU      State Exit        NodeList                                  ReqTRES 
---------------- ---------- ------------------- ------------------- ---------- ---------- ---------- ---------- ---- --------------- ---------------------------------------- 
         1410554   rsjxw007 2021-06-29T12:58:06 2021-06-29T14:32:30   01:34:24              01:32:32  COMPLETED  0:0   r1pl-hpcf-n01         billing=1,cpu=1,mem=7812M,node=1 
   1410554.batch            2021-06-29T12:58:06 2021-06-29T14:32:30   01:34:24      1.44M   01:32:32  COMPLETED  0:0   r1pl-hpcf-n01                                          
  1410554.extern            2021-06-29T12:58:06 2021-06-29T14:32:30   01:34:24          0  00:00.001  COMPLETED  0:0   r1pl-hpcf-n01                                          
CPU Efficiency: 98.02% of 01:34:24 core-walltime
