0.280384,0.00034656,0.325925,-0.178625,0.00644807,-0.210347
0.00034656,4.31376e-06,0.000366363,-0.000196208,6.13716e-06,-0.000233478
0.325925,0.000366363,0.428497,-0.234364,0.00882916,-0.276236
-0.178625,-0.000196208,-0.234364,0.128249,-0.00475071,0.151114
0.00644807,6.13716e-06,0.00882916,-0.00475071,0.00092002,-0.00573988
-0.210347,-0.000233478,-0.276236,0.151114,-0.00573988,0.178341
