6.6477,0.00520184,-0.281224,0.473329,-0.00228613,0.520412
0.00520184,8.28613e-06,0.000143365,-0.000397632,-3.44811e-06,-0.000393307
-0.281224,0.000143365,0.36983,-0.786637,-0.000321731,-0.815779
0.473329,-0.000397632,-0.786637,1.68409,0.00164742,1.73564
-0.00228613,-3.44811e-06,-0.000321731,0.00164742,0.000257573,0.000619472
0.520412,-0.000393307,-0.815779,1.73564,0.000619472,1.80246
