0.10696,0.00286444,0.056058,-0.0317583,-0.0445535,0.00495855
0.00286444,9.38358e-05,0.0018364,-0.00104037,-0.00145952,0.000162437
0.056058,0.0018364,0.0366733,-0.0207764,-0.0291471,0.0032439
-0.0317583,-0.00104037,-0.0207764,0.0117985,0.0165521,-0.00184215
-0.0445535,-0.00145952,-0.0291471,0.0165521,0.0235166,-0.00261726
0.00495855,0.000162437,0.0032439,-0.00184215,-0.00261726,0.000413904
