0.000869578,6.73924e-07,0.00136044,-0.000130611,0.000334174,-0.00034877
6.73924e-07,5.86309e-06,-1.69663e-05,4.09404e-06,-3.86651e-05,4.52122e-06
0.00136044,-1.69663e-05,0.00245736,-0.000222251,0.000819273,-0.000616681
-0.000130611,4.09404e-06,-0.000222251,2.69704e-05,-2.37802e-05,6.37363e-05
0.000334174,-3.86651e-05,0.000819273,-2.37802e-05,0.0603675,-0.000521604
-0.00034877,4.52122e-06,-0.000616681,6.37363e-05,-0.000521604,0.00031637
