0.000224605,3.7163e-06,0.000466704,-1.32138e-05,0.000155744,-8.69281e-05
3.7163e-06,1.88141e-05,-8.96436e-05,3.17346e-06,-0.000295154,1.50779e-05
0.000466704,-8.96436e-05,0.00233759,-4.46666e-05,0.00208959,-0.000465832
-1.32138e-05,3.17346e-06,-4.46666e-05,5.46109e-06,2.23266e-05,1.35446e-05
0.000155744,-0.000295154,0.00208959,2.23266e-05,0.181603,-0.000821912
-8.69281e-05,1.50779e-05,-0.000465832,1.35446e-05,-0.000821912,0.0002493
