6.07665e-05,7.56214e-06,-1.82441e-05,1.96504e-07,1.68251e-06,-2.30684e-08
7.56214e-06,2.62038e-06,-6.32182e-06,6.80913e-08,5.83013e-07,-7.99352e-09
-1.82441e-05,-6.32182e-06,0.000145739,-1.56973e-06,-1.34404e-05,1.84277e-07
1.96504e-07,6.80913e-08,-1.56973e-06,1.98461e-06,1.69926e-05,-2.32981e-07
1.68251e-06,5.83013e-07,-1.34404e-05,1.69926e-05,0.00960976,-0.000131757
-2.30684e-08,-7.99352e-09,1.84277e-07,-2.32981e-07,-0.000131757,7.87976e-05
