0.000168684,5.16032e-06,0.000453699,-5.20185e-06,0.000100814,-7.5058e-05
5.16032e-06,4.97082e-05,-0.000296417,3.10247e-06,-0.000851133,5.03028e-05
0.000453699,-0.000296417,0.00740555,-4.21224e-05,0.00579552,-0.00143312
-5.20185e-06,3.10247e-06,-4.21224e-05,4.31088e-06,2.55579e-05,1.17234e-05
0.000100814,-0.000851133,0.00579552,2.55579e-05,0.230007,-0.00145728
-7.5058e-05,5.03028e-05,-0.00143312,1.17234e-05,-0.00145728,0.000432607
