k const: 0.723538    0.4957  0.315822 0.0466559  0.705997   0.86663
cond:2.71367 1.96511 4.00018
mu:12.5045 7.02285 9.16639 252.275 81.5689 168.625 142.387 187.119 111.582
moments:11.6549 8.25184 8.31143 213.195 115.527 123.445 154.733 157.598 119.111
cost:5805.21
