k const:0.0474368   0.17727  0.285599  0.720468 0.0506226   0.99365
cond: 6.8621 1.82136 11.3974
moments:13.5199 13.3717 1.66828 306.306 299.586 5.58204  288.68 38.8636 35.7176
cost:96052.4
