k const: 0.276782  0.837081  0.443217 0.0424412  0.304645         0
cond:1 1 1 1 1 1
mu: 127.864  43.2204        0        0  75.7992        0  27214.2  18049.1        0        0  14770.1        0 -1.62277        0        0  5494.52    15321        0        0        0        0        0        0        0        0        0        0
moments: 1.40726 0.749477        0        0        1        0  1.98038 0.561716        0        0        1        0  1.05471        0        0  1.40726 0.749477        0        0        0        0        0        0        0        0        0        0
cost:1.54929e+09
