nRuns:1
Using two part PSO Sample Size:5000 with:27 moments.
Using Times:0.5   2  10  20  30
Bounds for Uniform Distribution (0,1)
Blind PSO --> nParts:1 Nsteps:1
Targeted PSO --> nParts:1 Nsteps:1
sdbeta:0.1
Reading in data!
Using starting row of data:0 and 5000 data pts!
first row X0:192.796 1463.27 5.25096 5.80954 435.297 6.25942
final row X0:466.793 2248.32 5.67464 5.17143 516.351 6.12202



HERE IS X:
5 0 0 0
0 0 3 0
0 1 3 0
1 0 0 1
Xinv
     0.2        0        0        0
       0       -1        1        0
       0 0.333333        0        0
    -0.2        0        0        1
Loading in Truk!
Calculating Yt!
truk cost:7.10166e+08
Omega Weights:
    0.728361     -258.233        53.35      7.06669     -18.5846      17.0746      3.99401      -883122      28576.9      525.906      -4586.1      3683.84        556.9       323.63      38.3933      34.9034      115.354      22216.4      5982.49     -59536.1      1510.29      3350.72      912.273        10124      152.089       1066.9      68.9041
    -258.233       273328     -4524.28     -958.283      5467.64     -992.478     -1084.67  1.05801e+09 -2.42079e+06     -59058.5  1.68198e+06      -215923     -46615.7     -77874.4     -7778.09     -19220.4     -29885.8  5.22494e+07  2.40504e+06  4.39038e+07   2.4146e+07      -376349       757740      -741733     -6233.64      -119651       414502
       53.35     -4524.28      6695.53      790.754     -1962.44       2254.3        245.4 -1.30894e+07  3.46454e+06      52449.6      -464718       479429      70100.5      26750.1      2974.15      2066.64      9695.32  1.02957e+07  1.21451e+06   -3.839e+06  3.42831e+06       365101       240871  1.27494e+06      21257.3       121654      68802.9
     7.06669     -958.283      790.754      201.283     -690.745      162.181      38.0477 -3.12169e+06       436996      15938.4      -171606      34072.5      8271.22      3707.84      708.378      -553.76      1053.93  1.07691e+06       308144   -1.297e+06       179315      83593.9     -96181.8       124012      270.301      24258.3     -50408.2
    -18.5846      5467.64     -1962.44     -690.745      6369.12     -220.746     -79.5182  2.03388e+07      -983796     -33870.3  2.21933e+06     -44942.6     -20539.1     -8310.45     -1672.72      6587.05      -2312.5 -2.14191e+06 -1.10383e+06  1.22114e+07       147024      -219745  1.11072e+06      -251148      1771.35     -73195.4       561364
     17.0746     -992.478       2254.3      162.181     -220.746      859.989      73.0068 -2.46066e+06  1.13921e+06      8229.27     -44776.9       183268      23610.1      8427.45      651.173      1450.33      3334.79  3.63147e+06       252530      -470781  1.38568e+06      83776.3       200963       454936         9320      31410.6      79513.3
     3.99401     -1084.67        245.4      38.0477     -79.5182      73.0068      29.4678 -3.45449e+06       147447      3749.29     -18697.5        16918      2552.66       1997.2      284.273      145.597      659.946      64234.1      26055.4      -233283     -7787.07      20404.1      1234.34      48838.7      556.224       5904.1     -819.736
     -883122  1.05801e+09 -1.30894e+07 -3.12169e+06  2.03388e+07 -2.46066e+06 -3.45449e+06    4.254e+12 -6.94509e+09 -1.76615e+08  6.42547e+09  -5.3776e+08 -1.34604e+08 -2.56892e+08 -2.48963e+07 -6.71255e+07 -9.96719e+07  2.07206e+11  9.65693e+09  1.71824e+11  9.53507e+10 -1.15633e+09  3.15326e+09 -2.03711e+09 -1.18688e+07 -3.73435e+08  1.68001e+09
     28576.9 -2.42079e+06  3.46454e+06       436996      -983796  1.13921e+06       147447 -6.94509e+09  1.92462e+09  3.29251e+07 -2.27759e+08   2.5611e+08  3.62559e+07    1.537e+07  1.83935e+06       919924  5.42242e+06  5.21221e+09  6.55739e+08 -1.91695e+09  1.69437e+09  2.15961e+08  1.00491e+08  6.92891e+08  1.00922e+07  6.97921e+07  2.58826e+07
     525.906     -59058.5      52449.6      15938.4     -33870.3      8229.27      3749.29 -1.76615e+08  3.29251e+07  1.74553e+06 -7.26935e+06   1.7736e+06       547593       315453        74362     -31571.3      75121.5  6.71204e+07  2.29482e+07 -6.26956e+07  7.54105e+06  7.69582e+06 -5.31737e+06  7.90919e+06     -41284.6   1.9357e+06 -2.69084e+06
     -4586.1  1.68198e+06      -464718      -171606  2.21933e+06     -44776.9     -18697.5  6.42547e+09 -2.27759e+08 -7.26935e+06  9.02515e+08 -8.92511e+06 -4.86389e+06 -1.96526e+06      -388388  2.35499e+06      -555988 -4.31286e+08 -2.76551e+08  4.32207e+09  8.69512e+07 -5.18672e+07  4.01597e+08 -5.73395e+07       397101 -1.80635e+07  2.02378e+08
     3683.84      -215923       479429      34072.5     -44942.6       183268        16918  -5.3776e+08   2.5611e+08   1.7736e+06 -8.92511e+06  4.11489e+07   5.0201e+06  1.91908e+06       146488       307754       759064  7.66476e+08  5.24997e+07 -9.61991e+07  2.93124e+08  1.85785e+07  4.23136e+07  1.02246e+08   1.9657e+06  6.99603e+06  1.67498e+07
       556.9     -46615.7      70100.5      8271.22     -20539.1      23610.1      2552.66 -1.34604e+08  3.62559e+07       547593 -4.86389e+06   5.0201e+06       733947       279237        30994        21583       101261   1.0805e+08  1.27302e+07 -4.01162e+07  3.60032e+07   3.8166e+06  2.52837e+06  1.33467e+07       222748  1.27247e+06       723223
      323.63     -77874.4      26750.1      3707.84     -8310.45      8427.45       1997.2 -2.56892e+08    1.537e+07       315453 -1.96526e+06  1.91908e+06       279237       163345      21175.6      11907.5      56085.4  2.15045e+07   3.8106e+06 -2.16522e+07  5.19605e+06  1.89786e+06       436101  5.34032e+06      70348.1       584826      43474.4
     38.3933     -7778.09      2974.15      708.378     -1672.72      651.173      284.273 -2.48963e+07  1.83935e+06        74362      -388388       146488        30994      21175.6      4106.28     -761.804      5914.84  2.30944e+06       790891 -3.39268e+06       196315       353894      -206106       514115      1638.86      94192.2      -111138
     34.9034     -19220.4      2066.64      -553.76      6587.05      1450.33      145.597 -6.71255e+07       919924     -31571.3  2.35499e+06       307754        21583      11907.5     -761.804      15126.4      6410.56      -832016 -1.13495e+06  8.49576e+06       507223      -143346  1.80327e+06       569539      22333.2     -39806.6       854002
     115.354     -29885.8      9695.32      1053.93      -2312.5      3334.79      659.946 -9.96719e+07  5.42242e+06      75121.5      -555988       759064       101261      56085.4      5914.84      6410.56        20616  7.73291e+06  1.01596e+06  -7.0454e+06  2.19135e+06       544770       404121   2.0075e+06      31602.5       182703       127521
     22216.4  5.22494e+07  1.02957e+07  1.07691e+06 -2.14191e+06  3.63147e+06      64234.1  2.07206e+11  5.21221e+09  6.71204e+07 -4.31286e+08  7.66476e+08   1.0805e+08  2.15045e+07  2.30944e+06      -832016  7.73291e+06  3.09304e+10  2.76975e+09  2.49361e+09  1.18462e+10  4.97663e+08  6.19306e+08   1.9791e+09  3.57319e+07  1.70838e+08  2.26666e+08
     5982.49  2.40504e+06  1.21451e+06       308144 -1.10383e+06       252530      26055.4  9.65693e+09  6.55739e+08  2.29482e+07 -2.76551e+08  5.24997e+07  1.27302e+07   3.8106e+06       790891 -1.13495e+06  1.01596e+06  2.76975e+09  6.00487e+08 -1.79299e+09  6.98054e+08  1.23634e+08 -1.52709e+08  1.88926e+08       456820  3.66952e+07 -7.99888e+07
    -59536.1  4.39038e+07   -3.839e+06   -1.297e+06  1.22114e+07      -470781      -233283  1.71824e+11 -1.91695e+09 -6.26956e+07  4.32207e+09 -9.61991e+07 -4.01162e+07 -2.16522e+07 -3.39268e+06  8.49576e+06  -7.0454e+06  2.49361e+09 -1.79299e+09  2.95003e+10  3.29857e+09 -4.12858e+08  2.11331e+09 -5.01306e+08  2.36711e+06 -1.38281e+08  1.07208e+09
     1510.29   2.4146e+07  3.42831e+06       179315       147024  1.38568e+06     -7787.07  9.53507e+10  1.69437e+09  7.54105e+06  8.69512e+07  2.93124e+08  3.60032e+07  5.19605e+06       196315       507223  2.19135e+06  1.18462e+10  6.98054e+08  3.29857e+09   4.9311e+09  1.01469e+08  4.33316e+08    7.033e+08  1.56165e+07   4.0499e+07  1.83196e+08
     3350.72      -376349       365101      83593.9      -219745      83776.3      20404.1 -1.15633e+09  2.15961e+08  7.69582e+06 -5.18672e+07  1.85785e+07   3.8166e+06  1.89786e+06       353894      -143346       544770  4.97663e+08  1.23634e+08 -4.12858e+08  1.01469e+08  3.91757e+07 -2.63637e+07   6.3051e+07       264812  1.10344e+07 -1.43029e+07
     912.273       757740       240871     -96181.8  1.11072e+06       200963      1234.34  3.15326e+09  1.00491e+08 -5.31737e+06  4.01597e+08  4.23136e+07  2.52837e+06       436101      -206106  1.80327e+06       404121  6.19306e+08 -1.52709e+08  2.11331e+09  4.33316e+08 -2.63637e+07  2.90443e+08  7.30494e+07  3.21201e+06 -7.70404e+06   1.3872e+08
       10124      -741733  1.27494e+06       124012      -251148       454936      48838.7 -2.03711e+09  6.92891e+08  7.90919e+06 -5.73395e+07  1.02246e+08  1.33467e+07  5.34032e+06       514115       569539   2.0075e+06   1.9791e+09  1.88926e+08 -5.01306e+08    7.033e+08   6.3051e+07  7.30494e+07   2.6399e+08  4.50338e+06  2.19939e+07  2.61296e+07
     152.089     -6233.64      21257.3      270.301      1771.35         9320      556.224 -1.18688e+07  1.00922e+07     -41284.6       397101   1.9657e+06       222748      70348.1      1638.86      22333.2      31602.5  3.57319e+07       456820  2.36711e+06  1.56165e+07       264812  3.21201e+06  4.50338e+06       116457       161881  1.35327e+06
      1066.9      -119651       121654      24258.3     -73195.4      31410.6       5904.1 -3.73435e+08  6.97921e+07   1.9357e+06 -1.80635e+07  6.99603e+06  1.27247e+06       584826      94192.2     -39806.6       182703  1.70838e+08  3.66952e+07 -1.38281e+08   4.0499e+07  1.10344e+07 -7.70404e+06  2.19939e+07       161881  3.34098e+06  -4.3485e+06
     68.9041       414502      68802.9     -50408.2       561364      79513.3     -819.736  1.68001e+09  2.58826e+07 -2.69084e+06  2.02378e+08  1.67498e+07       723223      43474.4      -111138       854002       127521  2.26666e+08 -7.99888e+07  1.07208e+09  1.83196e+08 -1.43029e+07   1.3872e+08  2.61296e+07  1.35327e+06  -4.3485e+06  6.67435e+07
Sanity Check:
           1 -1.23769e-13 -1.33231e-08   3.4353e-11  5.56943e-13   1.0691e-11  1.81246e-10 -6.85836e-17  1.23342e-12  2.64383e-12  4.81013e-17   7.9417e-13 -2.44431e-09 -7.09921e-12 -2.70331e-12  5.94143e-14  -3.3637e-12   5.0101e-16 -4.25929e-16 -1.48523e-17   1.2355e-15   1.0402e-12 -6.99441e-15  1.84786e-12 -2.60833e-13   -1.117e-12  1.29063e-15
 3.50446e-08            1  1.37254e-06  3.95812e-09  1.02318e-11  9.72068e-09 -5.49553e-08  6.88338e-15 -1.16358e-10 -6.29143e-10 -1.56541e-14 -2.08956e-10  1.13947e-07  2.55682e-10  8.07177e-11  -6.5512e-12  1.20735e-09 -1.30562e-13  1.73195e-13  2.21351e-15  6.12399e-13 -3.17414e-10  3.97904e-13   6.3028e-10  2.27374e-11  5.35692e-10  1.22213e-12
-4.43104e-08 -1.39622e-12     0.999999 -1.42409e-08  4.33715e-11   3.7744e-10  2.31425e-08  7.33056e-16  1.24537e-10   5.1233e-10  9.63465e-15  3.07523e-11 -9.86759e-08 -6.65743e-10  2.24105e-10 -6.27054e-12 -7.84922e-10 -2.97457e-13  -1.9218e-13  -1.0427e-14 -4.78173e-13   2.5608e-11 -2.11386e-13  4.01428e-10 -2.62474e-11 -6.84508e-10  1.13687e-13
-5.82395e-09 -2.28217e-12 -1.39102e-07            1 -2.27374e-13  2.36014e-09  4.15673e-09 -1.33736e-16 -2.45137e-12  9.72022e-12  1.41987e-15 -7.57154e-11 -1.36549e-08 -1.08457e-10 -8.01208e-11 -1.20792e-12 -8.54783e-11 -5.52891e-14 -3.56937e-14  -7.7759e-16 -6.45595e-14  8.42988e-11  4.79616e-14  6.98037e-11 -2.69296e-12 -2.91209e-10 -1.91847e-13
 2.27737e-08 -7.75202e-12 -2.43104e-07 -4.30737e-09            1 -4.10364e-09 -8.78754e-09 -2.25308e-15  8.46967e-12  6.36646e-11 -4.85723e-16  1.73713e-10  7.12789e-08  1.61378e-10  2.24873e-10  6.50857e-12  3.65048e-10   1.0969e-13 -6.26166e-14  2.34188e-15   2.1716e-13 -2.38515e-10 -1.98952e-13 -2.48974e-10   5.6275e-12  8.23093e-10  7.38964e-13
-2.02017e-08   9.0532e-12  -7.3617e-07 -1.71167e-09 -4.26326e-12            1   3.6486e-08 -6.75345e-15  1.88507e-11  2.43119e-10  5.87724e-15  1.13999e-10  -4.1156e-08 -9.47153e-11 -6.24425e-11 -2.85993e-13 -2.76458e-10  1.94011e-14  3.82472e-14  1.05254e-15 -3.10141e-13  9.57812e-11 -2.66454e-13  1.26704e-10 -2.38032e-12  2.74781e-10            0
-4.21617e-09 -1.72691e-12 -1.18676e-08 -2.24446e-10  2.86837e-12 -4.66429e-10            1   6.8962e-17  9.35263e-12   5.2446e-11  6.74563e-16  2.89808e-11 -1.50716e-08 -4.38922e-11 -1.31761e-12 -4.69874e-13  3.14264e-11 -4.35936e-15 -1.71217e-14 -7.00757e-16 -3.83157e-14   1.1434e-11 -3.96905e-15 -1.12634e-11 -8.30225e-13  -4.3058e-11 -6.31162e-14
 8.17478e-05 -2.95404e-08  0.000561893 -4.76837e-07  1.58325e-08  7.06315e-06  5.34058e-05            1 -1.48313e-07 -3.81842e-07  7.44649e-12 -2.13273e-07  8.83713e-05  2.14903e-07 -4.82425e-07 -2.22935e-08  3.01842e-06 -6.86668e-10 -2.07365e-10 -1.84954e-11 -3.01952e-10  -7.1153e-07 -1.16415e-10  2.80328e-07  3.07336e-08 -1.16043e-06  2.32831e-10
-1.99196e-05 -3.17118e-09  -0.00079757 -4.78048e-06  2.03581e-08  1.11675e-05 -8.53726e-06 -2.22136e-12            1  1.31491e-07  1.20703e-12  9.59844e-08  -0.00010716 -3.75763e-07  1.02875e-07 -1.84627e-09  1.53414e-07 -2.12268e-10 -7.86997e-11 -2.37743e-12 -4.22915e-11  3.64118e-07  1.00954e-10  3.39947e-07 -6.54109e-09 -4.40399e-07 -8.93124e-10
-3.17901e-07 -5.52234e-11 -1.22153e-05  7.78819e-08  4.05635e-10  1.69559e-07  1.81986e-07  1.06725e-14   3.9131e-10            1  6.13953e-14 -2.12458e-09 -1.95834e-06 -9.66111e-10 -3.14049e-09 -8.19114e-11 -1.41017e-08 -2.32081e-12 -3.29869e-12 -1.05999e-13 -3.92752e-12  7.56336e-09 -2.04636e-12  5.07862e-09 -2.62844e-10 -1.41517e-08 -1.31877e-11
 5.91855e-06 -4.12911e-10   7.0788e-05  2.19792e-07 -2.32831e-09  1.08033e-07 -7.68295e-06 -2.96541e-13 -1.49012e-08 -1.10595e-08            1 -1.90921e-08   9.3719e-06  5.34346e-08 -2.15368e-08 -2.54659e-10  3.63216e-08  1.23919e-11  4.09273e-11  5.44453e-13  1.97815e-11 -7.21775e-09  2.18279e-11 -2.17115e-08  1.38243e-09 -1.62981e-09  5.82077e-11
-7.12927e-06  1.14915e-09 -0.000107671 -5.68107e-07  2.91038e-11 -8.45408e-07  1.97598e-06 -1.62668e-13  9.20409e-09 -8.73115e-11   3.6815e-13            1 -8.76025e-07 -4.34702e-08 -3.06391e-08 -1.58252e-10 -1.18416e-07  4.96669e-12 -3.86535e-11   4.2466e-13 -4.94822e-11  2.61789e-08 -5.22959e-11 -1.10304e-08 -9.44056e-10 -2.89729e-08  8.54925e-11
-3.58341e-07  2.58829e-10  -1.4929e-05  9.83127e-08 -2.82398e-10 -1.30094e-08  1.51346e-06 -5.89664e-14   1.2804e-09  8.88258e-09  6.43791e-14  7.08155e-09     0.999998 -7.53937e-09 -1.17691e-08  1.39011e-10 -1.52495e-08  5.47784e-13 -7.93143e-13  1.20286e-14 -4.44711e-12 -3.53248e-09 -3.41061e-12  1.93472e-09 -2.01624e-10 -3.50428e-09 -8.86757e-12
-1.75266e-07  1.68954e-10 -6.82425e-06  1.92349e-08  7.71081e-11  1.94059e-08  1.65014e-07 -1.14763e-14  3.68622e-10  2.32205e-10  1.14703e-13 -1.55467e-09 -5.51165e-07            1 -3.62598e-09  2.30838e-12 -9.06515e-09 -4.84612e-13 -1.27984e-12 -3.42747e-14 -3.63976e-12  3.39855e-09 -2.14229e-12  2.66212e-09  -1.5465e-10 -6.22873e-09 -1.96465e-12
-5.08389e-08  5.13367e-13 -1.00299e-06  9.29504e-10  2.29647e-11 -1.05683e-09  3.84034e-09  1.40485e-16  8.85052e-11  3.99609e-10  8.04912e-15 -6.10498e-11 -9.58889e-08 -2.81702e-10            1 -3.68416e-12  6.58247e-11 -1.36835e-13 -1.40332e-13 -3.92568e-15 -6.02185e-13  4.04725e-11 -3.73035e-13  1.22782e-10 -2.00799e-11 -1.48589e-10 -2.27374e-13
-8.45466e-09  4.93827e-12 -6.14877e-07 -3.08501e-09 -2.72848e-12 -2.34286e-09  6.33008e-09 -1.60635e-15  6.59384e-11  1.41426e-10  3.70537e-15  3.21506e-10  -4.1844e-08  -2.4761e-10  1.77351e-10            1 -3.40833e-10  1.17684e-13 -1.71418e-13  1.89432e-15 -4.86722e-13  6.00267e-11 -3.12639e-13  1.72804e-11 -1.08002e-11  -7.3851e-10   1.7053e-13
-5.14624e-08 -3.35074e-11 -2.13076e-06 -3.34803e-08  2.11458e-11 -3.24781e-08  8.70773e-08 -2.18321e-14  3.76417e-10  1.36208e-09  3.08399e-14  1.46537e-09 -2.71273e-07 -1.54043e-09  7.39362e-10  2.17462e-11            1  5.60219e-13 -9.85656e-13   2.7504e-15 -1.32672e-12 -1.36538e-10 -2.01439e-12 -5.45867e-10 -5.61329e-11  2.13049e-10  3.46745e-12
-3.61633e-05  2.63772e-08  -0.00246994  2.36928e-06  6.12345e-08 -1.12914e-05  5.53569e-05 -8.53873e-13  3.29135e-07 -1.14786e-07  9.40403e-12 -1.33296e-07 -0.000263527 -8.30332e-07  1.46916e-07  7.08678e-09 -2.91329e-07            1 -4.74984e-10 -7.59393e-12 -2.35559e-10 -2.85334e-07 -1.00408e-09  6.53323e-07 -3.57977e-08 -8.59844e-07  8.29459e-10
-1.30809e-05 -1.28239e-10 -0.000381514  9.25735e-07  2.56114e-09  1.43237e-06  1.07877e-05 -5.63022e-14  3.45681e-08 -2.09548e-09  3.55271e-14  4.77012e-08 -1.67629e-05  6.25805e-08 -7.86385e-08 -6.33008e-10  7.12462e-08 -1.64277e-11            1  1.96865e-12 -9.10063e-11  -5.3551e-08 -2.11003e-10  5.48607e-08 -4.64206e-09 -1.12923e-07  7.27596e-11
 2.21245e-05 -7.75617e-09   0.00134057 -2.20537e-06 -3.72529e-09 -3.53158e-06  -4.1578e-05  1.76725e-12 -6.14673e-08 -1.21072e-07 -6.48015e-12  7.91624e-08  5.10029e-05  -7.4273e-08  4.53088e-07 -6.60657e-09  2.88012e-07 -5.45697e-12  3.31966e-10            1  4.07454e-10  -1.5134e-07  4.65661e-10  -1.4063e-07  1.14087e-08  4.34928e-07            0
-2.87257e-05 -2.99042e-09  4.86001e-05  8.99658e-06 -6.98492e-10 -8.19936e-06  3.01274e-05 -1.53458e-12  9.20409e-08  3.71598e-07  1.77636e-14 -1.33878e-08 -8.59164e-05 -1.10449e-07  9.81963e-08 -6.56291e-09  1.89058e-07  1.15335e-10  3.52429e-11  -9.8499e-13            1 -1.60187e-07 -4.36557e-11 -2.99769e-08 -7.13044e-09 -5.62286e-07 -3.49246e-10
-4.07879e-06  4.44288e-10 -6.49374e-05  1.66707e-07  2.47383e-10  3.47849e-07  3.56801e-06  8.22606e-14  1.35969e-08 -1.46974e-09  4.13447e-13   6.8394e-10 -1.42443e-05 -1.50831e-08  1.04774e-09 -3.81078e-10  5.09572e-08  2.18847e-12  1.06013e-11   2.0095e-13 -1.91278e-11            1  -7.7307e-12  3.42916e-08 -1.12959e-09 -1.06898e-07  -8.4583e-11
-2.15415e-06  -2.0118e-09 -2.79024e-05  3.76254e-07  1.16415e-09  1.47149e-07  4.65661e-08  2.04364e-13  5.04951e-09 -1.72295e-08  2.84217e-14  1.24564e-08 -5.45289e-06 -1.94268e-08 -3.23635e-08 -2.98314e-10 -3.70492e-08 -5.28644e-12  5.68434e-12 -2.32703e-13  1.59162e-12  1.27475e-08            1  2.42144e-08 -4.07454e-10 -3.37604e-08 -1.45519e-11
-1.03003e-05 -8.90623e-10 -0.000333505  1.85333e-07  1.36788e-09  3.41889e-06  1.93234e-05 -4.09055e-13  8.79118e-09  1.80298e-08  1.61737e-12 -5.41331e-08 -1.23281e-05 -1.19471e-08 -4.88799e-08 -1.40972e-09 -2.97347e-07  2.04494e-11  -1.9412e-11  -3.4347e-12 -4.54179e-11  9.61008e-08 -4.82032e-11            1 -7.95626e-09 -5.08298e-07  -1.9827e-10
-6.68733e-08 -4.98801e-11 -5.81308e-06  8.58563e-09  2.27374e-11 -2.29047e-08  1.89168e-07 -2.53508e-15  5.00904e-10  2.86491e-10  2.53131e-14 -5.23869e-10 -3.26938e-07 -1.11652e-09  1.29967e-09  2.39311e-11 -2.53431e-09  8.97948e-13 -1.61204e-12 -1.58068e-14 -4.04121e-13  1.50612e-09 -2.27374e-13 -1.91994e-09            1  1.75896e-09 -2.27374e-13
-9.15228e-07  2.43517e-10 -2.21662e-05 -1.44355e-08  4.80213e-10  2.08383e-07  1.44081e-06 -1.95798e-14  4.29145e-09  1.44355e-08  2.15383e-13 -4.78394e-10 -1.93364e-06 -1.24351e-08  7.43785e-09  1.32445e-10 -1.52595e-08  4.01457e-13 -4.03233e-12 -6.21725e-14 -1.76925e-12  1.17343e-08 -1.14824e-11  1.11268e-08 -2.21917e-10            1 -1.04592e-11
-5.41797e-07   2.1646e-10 -1.18949e-05  8.19564e-08            0 -1.21072e-08  1.92551e-07 -2.70756e-14 -2.16824e-09 -3.49246e-09  1.42109e-13 -2.24099e-09 -1.24518e-06   4.9331e-09 -8.17818e-09 -3.09228e-11 -1.10886e-08  3.12639e-13  1.36424e-12 -7.19425e-14  8.01492e-12  1.06811e-08 -1.27329e-11  1.68802e-09 -8.73115e-11 -8.03266e-09            1
Omega Weights:
     38.9033     -858.206      136.466      294.958     -17.4936      7.96708       7854.2 -2.01697e+06      79112.4       236264     -2104.62      4446.55      816.242      16210.9      34041.7    -0.282557      6370.56     -87180.4      13874.4     -33494.5      -155179       135972     -2146.82      28395.2     -92.8881      55465.6      -3458.9
    -858.206       297014       -12769     -25499.7       3417.3       1354.2     -59365.1  9.76385e+08 -6.48497e+06 -1.32537e+07       471133       475871      -125208      -318083      -480942      -282.91      -164399  4.76368e+07  1.82346e+07  1.06706e+07  6.16367e+07 -9.74184e+06       458022 -2.16088e+06      21376.4 -4.58087e+06       737240
     136.466       -12769      6491.13      10341.5     -1090.96      1390.83      8344.08 -3.37191e+07  3.29235e+06  5.52228e+06      -134980       667845      66563.5      63714.8      95208.3      -698.16      29549.1  5.93892e+06  1.11309e+07 -1.89616e+06      -355055  4.28275e+06      -115056  1.59235e+06     -3763.01  2.15852e+06      -188369
     294.958     -25499.7      10341.5      21798.8     -2570.29     -2240.45        28172 -6.94527e+07  5.36832e+06   1.1465e+07      -312552      -901344       104828       134263       231448      -2398.9      49595.7  7.91601e+06  2.37318e+07 -4.40786e+06 -8.17161e+06  8.36607e+06      -360422  1.45828e+06     -19357.5  3.72694e+06      -576771
    -17.4936       3417.3     -1090.96     -2570.29      1643.98      526.569     -726.484  1.05307e+07      -458675      -833724       317723       237896     -11324.5     -6782.99     -10544.2       1541.2     -2532.08      -954100 -3.38697e+06  2.88003e+06   1.5042e+06      -725414       228526      -102835      6412.14      -449445       371322
     7.96708       1354.2      1390.83     -2240.45      526.569       4090.5     -1182.97  5.87879e+06       620468      -887098        60790  1.81946e+06      14555.8      4663.78     -6471.69      1013.22        11195  2.41298e+06 -2.98481e+06       863320   6.3571e+06      -322688       134134  1.25349e+06      10897.3       214687       208062
      7854.2     -59365.1      8344.08        28172     -726.484     -1182.97  1.79412e+06 -1.04365e+08  5.34161e+06  2.99492e+07     -81732.1      -438325     -32346.2  3.16632e+06   7.1089e+06      1219.02   1.1819e+06 -1.13602e+07 -7.83467e+06 -1.26117e+06 -1.15457e+07   1.3216e+07      -103180  1.13283e+06     -6474.25  4.29403e+06      -161691
-2.01697e+06  9.76385e+08 -3.37191e+07 -6.94527e+07  1.05307e+07  5.87879e+06 -1.04365e+08  3.40556e+12 -1.67922e+10 -3.40933e+10  1.48295e+09  2.23151e+09 -3.36625e+08 -7.08685e+08 -1.00605e+09 -1.11193e+06 -3.87497e+08  1.59683e+11  6.16133e+10  3.57805e+10  2.06175e+11 -2.54854e+10   1.4493e+09 -5.19704e+09  6.81712e+07 -1.21711e+10  2.33065e+09
     79112.4 -6.48497e+06  3.29235e+06  5.36832e+06      -458675       620468  5.34161e+06 -1.67922e+10  1.77759e+09  3.13272e+09 -5.51129e+07  3.04099e+08  3.35067e+07  3.88905e+07  5.94417e+07      -306523  1.72686e+07  2.82385e+09  5.51368e+09 -7.95303e+08 -3.50539e+08  2.37592e+09 -5.07957e+07  8.11558e+08 -1.72605e+06  1.14621e+09 -8.29072e+07
      236264 -1.32537e+07  5.52228e+06   1.1465e+07      -833724      -887098  2.99492e+07 -3.40933e+10  3.13272e+09  7.21965e+09 -9.66577e+07 -3.52958e+08  5.43504e+07   1.1288e+08  2.06773e+08      -753189  3.98078e+07  3.70033e+09  1.11303e+10 -1.42727e+09 -3.78378e+09  4.97569e+09 -1.17729e+08     8.28e+08 -6.78527e+06  1.96671e+09 -1.87815e+08
    -2104.62       471133      -134980      -312552       317723        60790     -81732.1  1.48295e+09 -5.51129e+07 -9.66577e+07  7.76403e+07  2.91851e+07 -1.40235e+06      -796217  -1.2238e+06       288534      -304373 -1.15002e+08 -4.16983e+08  5.70626e+08   1.9005e+08  -8.6347e+07  4.38384e+07 -1.29873e+07       845294 -5.57259e+07  7.15893e+07
     4446.55       475871       667845      -901344       237896  1.81946e+06      -438325  2.23151e+09  3.04099e+08 -3.52958e+08  2.91851e+07  8.53926e+08  6.98428e+06  2.46092e+06 -2.34665e+06       504858  5.25699e+06   1.1322e+09 -1.20146e+09  3.87318e+08  2.81621e+09 -1.22366e+08  6.60701e+07  5.85286e+08  4.92287e+06  9.53559e+07  1.02728e+08
     816.242      -125208      66563.5       104828     -11324.5      14555.8     -32346.2 -3.36625e+08  3.35067e+07  5.43504e+07 -1.40235e+06  6.98428e+06       693483       389658       428523     -7387.51       205008  6.37475e+07  1.17498e+08 -1.96774e+07  -2.0249e+06  4.29941e+07 -1.19037e+06  1.63814e+07     -38717.6  2.19276e+07 -1.94958e+06
     16210.9      -318083      63714.8       134263     -6782.99      4663.78  3.16632e+06 -7.08685e+08  3.88905e+07   1.1288e+08      -796217  2.46092e+06       389658    7.191e+06  1.48033e+07     -615.445  2.71888e+06 -2.56342e+07   1.5994e+07 -1.23258e+07 -5.61766e+07   6.5918e+07      -847831   1.3893e+07       -35404  2.63352e+07 -1.36573e+06
     34041.7      -480942      95208.3       231448     -10544.2     -6471.69   7.1089e+06 -1.00605e+09  5.94417e+07  2.06773e+08  -1.2238e+06 -2.34665e+06       428523  1.48033e+07  3.16762e+07     -1752.86  5.33474e+06 -4.89099e+07  2.08103e+07  -1.8227e+07 -9.78114e+07   1.1208e+08 -1.48135e+06  1.65995e+07       -78573  4.06811e+07 -2.36004e+06
   -0.282557      -282.91      -698.16      -2398.9       1541.2      1013.22      1219.02 -1.11193e+06      -306523      -753189       288534       504858     -7387.51     -615.445     -1752.86      2195.29         2112 -1.03112e+06 -3.35821e+06  2.32994e+06  1.32673e+06      -657602       254501      87930.6       7770.8      -400728       410869
     6370.56      -164399      29549.1      49595.7     -2532.08        11195   1.1819e+06 -3.87497e+08  1.72686e+07  3.98078e+07      -304373  5.25699e+06       205008  2.71888e+06  5.33474e+06         2112  1.20415e+06  -1.2892e+07 -2.46214e+06  -5.3501e+06 -1.94253e+07  2.50508e+07      -189094  9.03818e+06      3409.67  1.20511e+07      -321237
    -87180.4  4.76368e+07  5.93892e+06  7.91601e+06      -954100  2.41298e+06 -1.13602e+07  1.59683e+11  2.82385e+09  3.70033e+09 -1.15002e+08   1.1322e+09  6.37475e+07 -2.56342e+07 -4.89099e+07 -1.03112e+06  -1.2892e+07  2.06657e+10  2.21412e+10 -9.23026e+08   1.3776e+10   3.1765e+09 -7.36695e+07  1.71539e+09      -819183  1.81159e+09 -1.24075e+08
     13874.4  1.82346e+07  1.11309e+07  2.37318e+07 -3.38697e+06 -2.98481e+06 -7.83467e+06  6.16133e+10  5.51368e+09  1.11303e+10 -4.16983e+08 -1.20146e+09  1.17498e+08   1.5994e+07  2.08103e+07 -3.35821e+06 -2.46214e+06  2.21412e+10  4.18682e+10 -5.70469e+09 -1.13391e+09  8.49211e+09 -4.74511e+08   1.4493e+09 -2.52498e+07  3.98215e+09 -7.59776e+08
    -33494.5  1.06706e+07 -1.89616e+06 -4.40786e+06  2.88003e+06       863320 -1.26117e+06  3.57805e+10 -7.95303e+08 -1.42727e+09  5.70626e+08  3.87318e+08 -1.96774e+07 -1.23258e+07  -1.8227e+07  2.32994e+06  -5.3501e+06 -9.23026e+08 -5.70469e+09  5.58058e+09  3.66175e+09 -1.24402e+09  3.97068e+08 -1.90364e+08  1.09057e+07 -7.72921e+08  6.45576e+08
     -155179  6.16367e+07      -355055 -8.17161e+06   1.5042e+06   6.3571e+06 -1.15457e+07  2.06175e+11 -3.50539e+08 -3.78378e+09   1.9005e+08  2.81621e+09  -2.0249e+06 -5.61766e+07 -9.78114e+07  1.32673e+06 -1.94253e+07   1.3776e+10 -1.13391e+09  3.66175e+09  2.31283e+10 -2.36128e+09  3.05996e+08  1.41925e+09  2.09811e+07  -6.3545e+08  4.80467e+08
      135972 -9.74184e+06  4.28275e+06  8.36607e+06      -725414      -322688   1.3216e+07 -2.54854e+10  2.37592e+09  4.97569e+09  -8.6347e+07 -1.22366e+08  4.29941e+07   6.5918e+07   1.1208e+08      -657602  2.50508e+07   3.1765e+09  8.49211e+09 -1.24402e+09 -2.36128e+09  3.58207e+09 -1.01061e+08  7.59485e+08 -5.14188e+06  1.55123e+09  -1.6197e+08
    -2146.82       458022      -115056      -360422       228526       134134      -103180   1.4493e+09 -5.07957e+07 -1.17729e+08  4.38384e+07  6.60701e+07 -1.19037e+06      -847831 -1.48135e+06       254501      -189094 -7.36695e+07 -4.74511e+08  3.97068e+08  3.05996e+08 -1.01061e+08  3.65601e+07  6.79234e+06  1.09654e+06 -6.12971e+07  5.90844e+07
     28395.2 -2.16088e+06  1.59235e+06  1.45828e+06      -102835  1.25349e+06  1.13283e+06 -5.19704e+09  8.11558e+08     8.28e+08 -1.29873e+07  5.85286e+08  1.63814e+07   1.3893e+07  1.65995e+07      87930.6  9.03818e+06  1.71539e+09   1.4493e+09 -1.90364e+08  1.41925e+09  7.59485e+08  6.79234e+06  6.40411e+08  1.68603e+06  5.03199e+08  8.52242e+06
    -92.8881      21376.4     -3763.01     -19357.5      6412.14      10897.3     -6474.25  6.81712e+07 -1.72605e+06 -6.78527e+06       845294  4.92287e+06     -38717.6       -35404       -78573       7770.8      3409.67      -819183 -2.52498e+07  1.09057e+07  2.09811e+07 -5.14188e+06  1.09654e+06  1.68603e+06      56643.9 -2.46995e+06  1.74712e+06
     55465.6 -4.58087e+06  2.15852e+06  3.72694e+06      -449445       214687  4.29403e+06 -1.21711e+10  1.14621e+09  1.96671e+09 -5.57259e+07  9.53559e+07  2.19276e+07  2.63352e+07  4.06811e+07      -400728  1.20511e+07  1.81159e+09  3.98215e+09 -7.72921e+08  -6.3545e+08  1.55123e+09 -6.12971e+07  5.03199e+08 -2.46995e+06  8.14512e+08 -9.89414e+07
     -3458.9       737240      -188369      -576771       371322       208062      -161691  2.33065e+09 -8.29072e+07 -1.87815e+08  7.15893e+07  1.02728e+08 -1.94958e+06 -1.36573e+06 -2.36004e+06       410869      -321237 -1.24075e+08 -7.59776e+08  6.45576e+08  4.80467e+08  -1.6197e+08  5.90844e+07  8.52242e+06  1.74712e+06 -9.89414e+07  9.55239e+07
Sanity Check:
           1 -1.24831e-13 -8.54783e-11  9.60654e-12  6.22435e-12  9.20082e-11 -3.52571e-11 -5.42846e-17  2.41691e-11 -5.88418e-12 -4.95264e-15 -6.16751e-12  1.15197e-12 -7.76623e-12  8.24585e-12  4.15668e-13  4.14744e-11 -6.89171e-14 -3.13222e-14 -1.21864e-15 -1.76872e-14   3.3868e-11   5.7554e-13  1.86091e-11  3.47278e-12  2.44604e-11  2.06946e-13
 8.49468e-10            1  2.88128e-09 -7.59428e-10  1.09139e-10 -1.48248e-10  5.73891e-10 -3.29597e-17 -3.37423e-10  3.56749e-10 -1.50546e-13  1.12777e-10  9.80549e-12   1.0441e-09 -1.11868e-10  2.05773e-11 -1.49521e-09  9.96536e-13 -8.83738e-13 -4.21885e-15 -5.91527e-13 -3.97449e-10  7.27596e-12 -9.51331e-10  -1.5234e-11  7.86713e-11 -7.27596e-12
 4.90672e-10 -2.35367e-14            1  2.40561e-10  5.45697e-11  4.75211e-11  2.92175e-11 -1.16053e-15  1.48248e-10  5.16707e-11  7.77156e-15  8.44693e-11 -5.07967e-11 -1.13687e-10 -1.93268e-11 -4.86011e-12  6.37783e-10  8.03801e-14  5.44453e-13  6.30052e-15  -1.2701e-13 -1.33696e-10 -6.13909e-12 -1.47793e-11 -2.03499e-11 -1.25624e-10  -8.2423e-12
-1.80262e-09 -2.00018e-12 -5.43514e-09            1 -1.87356e-10  1.75623e-09 -2.20552e-10 -2.33494e-15 -3.54703e-10 -2.47155e-10  9.54792e-14  3.63798e-12  4.46789e-11 -1.17507e-09  5.22959e-10 -4.84306e-11   9.7225e-10 -1.25766e-12  9.21041e-13 -1.87628e-14  4.05009e-13  1.87356e-10 -2.91038e-11  9.57698e-10  6.88942e-11 -3.29692e-10  3.02407e-11
 5.00222e-11 -8.61533e-14 -1.66438e-10  1.95541e-11            1  1.53705e-10 -1.02318e-11 -1.34441e-16 -4.27463e-11 -5.68434e-13   3.9968e-15 -5.00222e-12  7.14806e-12            0  2.59206e-11 -3.46745e-12 -1.18234e-11 -1.95399e-14 -3.37508e-14 -3.38618e-15  6.92779e-14  4.82032e-11 -2.04636e-12  6.36646e-11   2.6148e-12 -3.09228e-11   1.7053e-12
-1.46429e-10 -3.19744e-14 -2.03727e-10  3.48564e-10 -1.77351e-11            1 -1.56888e-11 -1.14492e-16 -5.77529e-11  -3.0866e-11  2.05391e-14 -5.53655e-11 -2.26663e-12 -9.23137e-11 -1.45519e-11 -7.50333e-12  1.50749e-10 -1.77636e-14  5.32907e-14 -2.05391e-15  1.62093e-13  4.93401e-11 -5.79803e-12  7.77618e-11  7.27596e-12  -1.2551e-10  5.22959e-12
 3.58336e-08 -2.31442e-11 -1.51213e-08 -6.05519e-09  1.19326e-09  1.36713e-08            1  -1.4975e-15  4.02861e-09 -2.78192e-10  -1.2359e-12 -4.17401e-10  2.82967e-10  8.33779e-10  5.52518e-10  1.60128e-10  5.67866e-09 -1.29834e-11 -6.99951e-12 -2.01394e-13  -4.2033e-12  5.92536e-09  1.70417e-10  8.14225e-10  5.74346e-10  5.30042e-09  8.36167e-11
-4.24683e-07 -1.46974e-09  6.14673e-06 -1.16602e-06  3.57628e-07  2.14204e-06  4.58211e-07            1  -1.2964e-06 -9.59262e-08  2.36469e-11 -3.63216e-08 -7.29924e-08 -1.43424e-06 -8.13976e-07 -6.14673e-08 -1.27032e-06  1.55705e-09 -5.62068e-10 -4.63842e-11 -1.24783e-09 -1.86265e-08 -7.07805e-08 -5.58794e-08 -7.45058e-08 -4.13507e-07 -1.76951e-08
-2.40281e-07  7.28733e-11 -3.08501e-07 -1.11177e-07  1.00117e-08 -4.17931e-08 -3.77186e-08  3.99458e-13            1  1.64437e-08 -7.78755e-12  2.64554e-08  -9.2441e-09 -2.39583e-07  3.35276e-08  7.81438e-09   5.3551e-08  1.44837e-10  2.50111e-12  7.51754e-12 -8.03766e-11  5.75092e-08  4.24916e-09 -2.30735e-07  7.39237e-09 -4.94765e-08   2.2701e-09
 3.51109e-07 -2.41471e-10   2.9942e-07   7.0571e-07  7.12462e-08  1.88593e-08 -6.63567e-08 -5.40901e-13   9.8953e-08            1  5.01359e-11  3.01516e-08 -5.59521e-09  3.67872e-08  3.91155e-08  7.71252e-09  6.05127e-07 -3.89718e-10 -5.59339e-11 -1.56888e-11 -7.52607e-11  7.66013e-08  2.39816e-08  4.15836e-07  1.50758e-08  2.29338e-08  1.84518e-08
-4.65661e-10   1.7053e-12  1.28057e-08 -2.29338e-08  1.16415e-09 -5.23869e-09 -3.89991e-09  6.77236e-15  2.32831e-10   6.1118e-10            1 -2.91038e-11  2.51021e-10  1.14087e-08  3.49246e-10  1.01863e-10 -8.14907e-09 -3.41061e-12 -2.84217e-13  2.06057e-13  5.22959e-12 -3.37604e-09  2.03727e-10 -3.84171e-09 -5.82077e-11  1.33878e-09 -1.74623e-10
 9.03383e-08  4.09273e-11  1.90688e-07  7.06641e-08 -3.49246e-09 -7.91624e-09  4.54602e-08 -1.10578e-13  9.31323e-10  8.44011e-10  1.53477e-12            1 -4.13274e-09  1.62981e-09 -2.85218e-08 -3.50701e-09  3.49246e-08  3.22871e-11  3.29692e-12  1.56319e-13  2.09184e-11  7.79983e-09 -2.96859e-09 -4.00469e-08  1.01863e-09 -4.24916e-08  8.73115e-11
-6.51926e-09  4.17089e-12  2.22572e-08   1.5425e-09  2.47383e-10 -6.34464e-09  1.58434e-09  9.39179e-15 -3.87445e-10  3.64707e-10 -1.18128e-13  6.57565e-10            1  4.18731e-09 -5.29326e-10 -1.22782e-11  1.56615e-09  4.20997e-12  -4.3876e-13 -5.15143e-14 -3.28626e-12  -2.4811e-09  3.36513e-11 -2.50657e-09 -3.27418e-11  -2.6921e-10 -1.46429e-10
 5.43587e-08 -4.29718e-11 -1.42209e-08 -2.20389e-08  2.88856e-09  1.96906e-08 -7.12316e-09 -5.50948e-15  9.61882e-09 -6.43468e-10 -2.83507e-12 -9.74978e-10  1.32616e-10            1   5.4024e-10  3.69937e-10  1.37825e-08 -2.96545e-11 -1.37721e-11 -2.89102e-13   -8.475e-12  1.12123e-08  2.04636e-10  3.36513e-10  1.41745e-09  8.55107e-09  2.60115e-10
 9.66684e-08 -1.45068e-10 -1.55764e-07  4.27099e-08 -1.40426e-09  1.39673e-07   -3.694e-08 -5.57471e-14 -5.20959e-09 -7.35236e-09 -6.89226e-13 -1.02918e-08  2.43631e-09 -2.62007e-08            1  -4.5884e-10  5.99211e-08 -1.07008e-10 -2.70717e-12 -2.27773e-12 -1.59162e-12  5.46788e-08 -1.11868e-10  3.49755e-08  4.19004e-09  8.33825e-09  1.11322e-09
 2.81943e-11 -2.66454e-15 -5.00222e-11 -8.04903e-11  3.63798e-12 -1.68257e-11  3.18323e-11  3.46945e-17  2.27374e-11  1.47793e-12 -8.43769e-15  4.77485e-12  1.06581e-12  3.63798e-11 -5.00222e-12            1 -1.13687e-11 -4.79616e-14  -2.9754e-14  2.10942e-15  3.64153e-14   8.6402e-12 -2.27374e-13 -4.54747e-11  2.27374e-13  1.22782e-11 -6.82121e-13
  2.7072e-08 -1.62159e-11 -6.99401e-09 -7.78891e-09  1.20053e-09  7.42648e-09 -3.06636e-09 -5.50775e-16  4.93401e-09 -3.78463e-10 -6.40599e-13  5.50131e-10  1.18575e-10  9.14042e-11 -9.55424e-10  1.24658e-10            1 -1.09219e-11  -5.5782e-12 -1.34892e-14 -3.56115e-12  2.85991e-09  2.78078e-10 -1.04865e-09  4.27349e-10  4.33602e-09 -3.63798e-12
-3.58792e-07  -2.0691e-11  2.17929e-07  8.81497e-07 -8.31205e-08 -1.11712e-06 -1.88476e-07 -5.23359e-13 -3.20957e-07 -8.97562e-08  4.00178e-11 -5.40167e-08  -1.5978e-08 -4.65894e-07    1.468e-07 -3.69619e-09  4.97326e-07            1  4.34966e-10 -6.79279e-12  4.17685e-10  1.65892e-07 -9.31323e-10  4.85219e-07 -2.73576e-09 -4.20609e-07  1.00699e-08
-6.16536e-07 -2.00998e-10  6.67572e-06  2.49594e-06  1.15484e-07 -9.17353e-07   1.6531e-07  3.87246e-13   1.3411e-07  7.68341e-08  5.68434e-11  2.42144e-07 -3.31202e-08  2.77534e-07 -3.74392e-07  5.00586e-09 -2.98023e-08  6.58474e-10            1  3.18323e-12 -3.30147e-10 -4.90807e-07 -9.77889e-09   3.1665e-07  -1.7928e-08 -1.04774e-07   -1.234e-08
 1.35973e-07  7.82165e-11 -4.28408e-08 -3.68804e-07  3.35276e-08 -1.42492e-07  3.72529e-09  1.42109e-13  1.49012e-08  6.75209e-09 -1.31877e-11  1.32713e-08 -5.38421e-09  9.59262e-08 -1.11759e-08  2.79397e-09 -6.98492e-08  -8.8221e-11 -1.13687e-10            1 -8.18545e-12 -2.98023e-08 -1.62981e-09 -7.35745e-08 -7.68341e-09 -4.19095e-09 -6.98492e-10
-1.86265e-07  3.07409e-10  1.30385e-08 -1.64844e-07  2.79397e-09  2.03028e-07  2.22586e-07  9.85878e-14  2.51457e-08  2.92202e-08 -1.06866e-11  3.07336e-08 -8.55653e-09  1.28523e-07 -8.70787e-08 -2.79397e-09 -1.05705e-07  2.93767e-10  5.45697e-11  2.89901e-12            1 -1.07102e-07 -7.21775e-09 -1.86265e-09  -8.3819e-09 -1.92318e-07 -6.51926e-09
  8.5216e-08 -1.84173e-11  9.08971e-07 -3.21772e-07  2.23517e-08  -1.9162e-07 -9.77889e-09  1.53211e-13   9.0804e-08  5.64614e-09  3.63798e-12  1.01863e-08 -1.49012e-08 -1.12923e-07 -2.42144e-08   2.4942e-08  2.34693e-07   2.6148e-11  -6.2073e-11  1.90994e-11 -1.56433e-10            1  2.51457e-08  -1.7765e-07 -1.22236e-09  2.72412e-08 -9.60426e-09
-1.00117e-08  4.43379e-12 -1.16415e-08 -3.89991e-09 -1.16415e-09  1.60653e-08  4.65661e-10 -7.10543e-15 -7.04313e-09 -1.68802e-09 -2.84217e-14 -9.60426e-10  1.09139e-10 -2.67755e-09   8.3819e-09 -3.34694e-10  1.33878e-09  -1.3415e-11 -6.25278e-13 -1.35003e-13  1.22782e-11  1.92085e-09            1  1.16415e-10  2.03727e-10 -1.28057e-09  1.16415e-10
-8.53324e-08 -1.12209e-10  -3.7573e-08  2.66285e-07 -1.00408e-09  2.11177e-07  4.12256e-08 -6.93889e-17 -4.99858e-09 -2.12203e-08  6.00409e-13 -1.12923e-08  1.32422e-09  2.51021e-08  4.33065e-08 -8.67658e-10 -6.22822e-09  -2.8308e-11  6.25704e-11 -3.84581e-13  3.92362e-11   1.9063e-08 -4.31464e-09            1  7.27596e-09 -3.02389e-08  6.69388e-09
 6.94854e-10  1.16529e-12  1.04774e-09 -1.04046e-09  3.27418e-11  1.01863e-10   2.6921e-10  9.26342e-16  5.63887e-11  4.72937e-11 -4.52971e-14  8.00355e-11  -1.3415e-11  3.67436e-10 -2.14641e-10 -8.41283e-12 -3.09228e-10  3.01981e-13  -1.1191e-13  1.57652e-14 -2.23821e-13 -3.18323e-10 -6.36646e-12 -3.74712e-10            1  2.09184e-10 -5.45697e-12
-7.07805e-08 -2.70234e-10  2.18861e-08 -5.82077e-10  -6.0536e-09 -9.91859e-08  1.60653e-08  8.10463e-14  1.00466e-07  5.09317e-09 -9.26548e-12  5.16302e-08 -5.62432e-09  4.86616e-08  6.51926e-09  4.07454e-10  2.21422e-07  2.28056e-10 -5.57066e-11 -1.26477e-12 -1.67347e-10  6.98492e-09    7.567e-10  7.01984e-08  1.71713e-09            1  2.67755e-09
-1.95578e-08 -9.54969e-12  2.56114e-09  1.72295e-08 -1.16415e-09  2.39816e-08  3.49246e-10 -2.66454e-14 -8.14907e-10 -2.61934e-10  2.27374e-13 -3.14321e-09  1.03682e-09  5.58794e-09 -9.31323e-10   -7.567e-10  8.61473e-09  5.00222e-12  7.95808e-13  -1.7053e-13  7.38964e-12  1.62981e-09 -5.23869e-10  8.14907e-09  2.32831e-10 -8.14907e-10            1
Omega Weights:
     13231.1     -36985.2     -5183.53      30543.6     -20.9905     -869.163  4.29787e+06 -4.24236e+07 -1.18764e+06  8.28661e+07     -493.725      -447162     -59796.8       635204  2.28732e+07      2248.48  2.65998e+06 -5.65651e+06 -3.24645e+07     -35416.8 -8.44212e+06 -4.30332e+06     -3251.75 -1.16099e+06     -1207.35  5.64504e+06      -7339.4
    -36985.2       314379      9457.25      -169272      239.452      8049.17 -9.48133e+06  5.13577e+08  1.73586e+06 -3.98627e+08      7717.82  4.06462e+06       159974 -2.35297e+06 -6.06739e+07     -6549.37 -7.39048e+06  4.43459e+07  2.29634e+08       476812  7.59765e+07 -7.58206e+06      26514.8  2.97869e+06      11229.1  -2.9322e+07      88273.9
    -5183.53      9457.25      3938.92       2947.3     -5.92607      1186.43 -1.54162e+06  6.80599e+06  1.08428e+06   6.5973e+06     -256.114       617052      40909.4      -187888 -8.18006e+06     -887.889      -952857  2.42217e+06  1.66249e+07     -8601.16  2.48668e+06  6.55437e+06      410.718       994115         1599   2.1169e+06     -1454.53
