1.881419 0.03302258 4.80184 -2.827719 -1.106321 1.106166 -16.81069 -10.97765 0.02560671 -1.597999 -0.8013979 2.047012
0.03302258 0.05169587 11.13155 3.382193 -0.1438834 0.1436157 -35.57751 -0.2345481 0.001282609 -0.2092367 -0.1009945 0.200409
4.80184 11.13155 85990.33 396.4429 -187.3764 187.2745 -271958.8 -42.19928 3.641178 -269.1530 -134.5982 76.25617
-2.827719 3.382193 396.4429 967.6224 24.68884 -24.69785 -1134.245 3.589927 0.2957152 35.29618 17.92199 -180.948
-1.106321 -0.1438834 -187.3764 24.68884 10.94097 -10.94060 614.847 7.16867 -0.03992745 15.80210 7.801547 -18.24464
1.106166 0.1436157 187.2745 -24.69785 -10.94060 10.94023 -614.521 -7.167583 0.03992253 -15.80158 -7.801277 18.23992
-16.81069 -35.57751 -271958.8 -1134.245 614.847 -614.521 860185.9 144.0703 -11.53554 883.2733 441.5369 -311.2248
-10.97765 -0.2345481 -42.19928 3.589927 7.16867 -7.167583 144.0703 65.34834 -0.1783927 10.35502 5.18428 -11.65526
0.02560671 0.001282609 3.641178 0.2957152 -0.03992745 0.03992253 -11.53554 -0.1783927 0.001618821 -0.05771253 -0.02864142 -0.03530003
-1.597999 -0.2092367 -269.1530 35.29618 15.80210 -15.80158 883.2733 10.35502 -0.05771253 22.82384 11.26742 -26.20825
-0.8013979 -0.1009945 -134.5982 17.92199 7.801547 -7.801277 441.5369 5.18428 -0.02864142 11.26742 5.564252 -13.09466
2.047012 0.200409 76.25617 -180.948 -18.24464 18.23992 -311.2248 -11.65526 -0.03530003 -26.20825 -13.09466 84.81009