PSO_S_ODE_NonLinear
line 314
line 363
line 383
line 431
ln 482
ln 547
ln 559
ln 576
ln 626
ln 628
ln 633
ln 635
PSO:1
ln 695
ln 701
ln 775 - PSO starts
ln 1194
ln 1270
blindpso+cost.est:
  0.672131
  0.366194
    0.2204
  0.128294
  0.629484
0.00232323
0.173998

PSO:2
ln 652
ln 695
ln 701
ln 775 - PSO starts
line 804
 ln 948 
ln 961
ln 961
ln 961
ln 961
ln 961
line 804
 ln 948 
ln 961
ln 961
ln 961
ln 961
ln 961
line 804
 ln 948 
ln 961
ln 961
ln 961
ln 961
ln 961
line 804
 ln 948 
ln 961
ln 961
ln 961
ln 961
ln 961
igmme + cost.est:
   0.999045
  0.0239926
  0.0277932
   0.933143
   0.309124
2.06897e-10
0.0154791

w.mat     1.58262      2.00052  -0.00224408   0.00042575  0.000439323  2.96446e-06     0.440295  -0.00184475  0.000106679
     2.00052      2.56216  -0.00363964  0.000823286   0.00051075  6.73281e-06     0.562685  -0.00237967  0.000123886
 -0.00224408  -0.00363964   0.00388731 -5.18186e-06 -2.61065e-06 -1.77558e-05 -0.000810459  -1.7139e-05   -1.827e-05
  0.00042575  0.000823286 -5.18186e-06  6.30801e-06  7.07827e-07  3.53796e-08  0.000197629  2.82759e-06  6.17621e-07
 0.000439323   0.00051075 -2.61065e-06  7.07827e-07   1.4069e-06  1.20078e-08  0.000135336 -3.58947e-07  2.95388e-07
 2.96446e-06  6.73281e-06 -1.77558e-05  3.53796e-08  1.20078e-08  1.39051e-07  1.71212e-06  2.43494e-07 -5.80759e-08
    0.440295     0.562685 -0.000810459  0.000197629  0.000135336  1.71212e-06      0.12421 -0.000522157  3.61991e-05
 -0.00184475  -0.00237967  -1.7139e-05  2.82759e-06 -3.58947e-07  2.43494e-07 -0.000522157  6.59715e-05  5.70039e-06
 0.000106679  0.000123886   -1.827e-05  6.17621e-07  2.95388e-07 -5.80759e-08  3.61991e-05  5.70039e-06  3.40166e-06

GBMAT: 
   0.312733    0.717571    0.950848    0.271904     0.36875    0.282244     8490.03
   0.312746    0.791223    0.255387   0.0647952    0.640997  0.00695228      3233.6
    0.70085    0.404926    0.231661    0.241208    0.653571  0.00568911     3188.05
   0.675773    0.340826    0.226254    0.123279    0.641637  0.00227907     2917.37
   0.672131    0.366194      0.2204    0.128294    0.629484  0.00232323     2914.34
   0.672131    0.366194      0.2204    0.128294    0.629484  0.00232323    0.173998
   0.672131    0.366194      0.2204    0.128294    0.629484  0.00232323    0.173998
   0.587719    0.382385    0.155807    0.114495    0.590478 3.31199e-05     0.16325
   0.556296    0.382385    0.145948    0.114495    0.428858 3.31199e-05    0.158979
   0.677794    0.662837   0.0851028    0.105215    0.621312 3.24512e-05    0.109702
   0.677794    0.726966   0.0417264   0.0424204    0.621312 9.43763e-06   0.0728778
   0.537536    0.703073   0.0448881    0.126893    0.569133 2.06676e-06    0.064239
   0.497719    0.720743   0.0419292    0.157261    0.495078 2.95385e-06   0.0637607
   0.545372    0.766675   0.0445907    0.170824    0.582201 1.94112e-06   0.0632518
   0.818082    0.743853   0.0419483    0.146593    0.308554 1.71505e-06   0.0622128
   0.818082    0.770159   0.0419483    0.146593    0.308554 1.71505e-06   0.0620282
   0.808095    0.770263   0.0398591    0.144841    0.292933 1.36291e-06   0.0615274
    0.59486    0.749917   0.0418816    0.157327    0.315118 1.76082e-06   0.0615099
   0.690336    0.806913   0.0408824     0.29628     0.33247 4.75762e-05   0.0606303
   0.690336    0.806913   0.0408824     0.29628     0.33247 4.75762e-05   0.0606303
   0.640629    0.766041   0.0396273    0.178365    0.103332 1.08473e-05   0.0605999
   0.634527    0.742135   0.0396197    0.199574   0.0994602 9.31049e-06   0.0605078
   0.651622    0.742135   0.0396197     0.19826   0.0944393 8.76662e-06     0.06044
   0.689549    0.766555   0.0395842    0.359976    0.137177 6.84637e-06   0.0604285
   0.680485     0.76935   0.0399091    0.347739    0.156742 9.85111e-06   0.0604111
   0.637763    0.730075   0.0407404     0.28911    0.151493 2.85101e-06   0.0603973
   0.672576    0.744079   0.0396264    0.291865    0.151005 5.61378e-06   0.0603923
   0.672576    0.744079   0.0396264    0.291865    0.151005 5.61378e-06    0.127976
   0.726097    0.798964   0.0390696    0.259267    0.170674 4.49111e-06    0.127555
   0.726097    0.798964   0.0390696    0.259267    0.170674 1.74363e-06    0.127545
    0.72189    0.772586   0.0391447    0.330999    0.214354  2.6246e-06    0.121928
   0.682359    0.508745   0.0307128    0.255851   0.0714433 1.22173e-06   0.0878776
   0.851631    0.508745   0.0307128    0.408997   0.0714433 1.22173e-06   0.0605515
    0.85601    0.516486    0.035861    0.421495   0.0730084 1.20395e-06   0.0531221
    0.85601    0.516486    0.035861    0.421495   0.0730084 5.58122e-07   0.0531213
   0.934552    0.517509   0.0327556    0.458281   0.0676398 5.57375e-07   0.0494232
   0.916053    0.459148   0.0326743    0.457579   0.0524257 5.56235e-07    0.042941
   0.987215    0.401609   0.0283851    0.514813   0.0499713 3.64198e-08   0.0387854
   0.987711    0.440332   0.0381595    0.494181   0.0442368 4.64062e-08   0.0374389
   0.987372    0.222958   0.0296097    0.715964   0.0467289  3.7308e-08   0.0187421
   0.987372    0.222958   0.0296097    0.715964   0.0467289  3.7308e-08    0.018742
   0.995612    0.156045   0.0296097    0.891317   0.0295373 1.26319e-08   0.0147425
   0.995612    0.156045   0.0296097    0.891317   0.0295373 1.26319e-08   0.0147425
   0.998027    0.080111   0.0273814    0.860212   0.0192654  5.6803e-09   0.0123745
   0.997838   0.0526502   0.0266295    0.805212   0.0197566 3.83242e-09   0.0119018
   0.998049   0.0454752   0.0271737    0.846094   0.0117649 3.22608e-09   0.0115593
   0.998049   0.0454752   0.0271737    0.846094   0.0117649 3.22608e-09   0.0115593
   0.998049   0.0454752   0.0271737    0.949376   0.0792288 1.00716e-09   0.0114691
   0.998922   0.0252804   0.0275591    0.937229    0.112742 1.00716e-09   0.0110662
   0.998926   0.0217792   0.0274516    0.938068    0.113135  2.1715e-10   0.0110496
    0.99904   0.0242908   0.0281386    0.934134    0.109746 2.06913e-10    0.011024
   0.999045   0.0239926   0.0277932    0.933143    0.309124 2.06897e-10   0.0109574
   0.999045   0.0239926   0.0277932    0.933143    0.309124 2.06897e-10   0.0109574
   0.999045   0.0239926   0.0277932    0.933143    0.309124 2.06897e-10   0.0109574
   0.999045   0.0239926   0.0277932    0.933143    0.309124 2.06897e-10   0.0156368
   0.999045   0.0239926   0.0277932    0.933143    0.309124 2.06897e-10   0.0154732
   0.999045   0.0239926   0.0277932    0.933143    0.309124 2.06897e-10   0.0154791
CODE FINISHED RUNNING IN 6197 s TIME!
Job Statistics for 1410555:
           JobID       User               Start                 End    Elapsed     MaxRSS   TotalCPU      State Exit        NodeList                                  ReqTRES 
---------------- ---------- ------------------- ------------------- ---------- ---------- ---------- ---------- ---- --------------- ---------------------------------------- 
         1410555   rsjxw007 2021-06-29T12:58:24 2021-06-29T14:41:42   01:43:18              01:42:50  COMPLETED  0:0   r1pl-hpcf-n01         billing=1,cpu=1,mem=7812M,node=1 
   1410555.batch            2021-06-29T12:58:24 2021-06-29T14:41:42   01:43:18      1.44M   01:42:50  COMPLETED  0:0   r1pl-hpcf-n01                                          
  1410555.extern            2021-06-29T12:58:24 2021-06-29T14:41:42   01:43:18          0  00:00.001  COMPLETED  0:0   r1pl-hpcf-n01                                          
CPU Efficiency: 99.55% of 01:43:18 core-walltime
