PSO_S_ODE_NonLinear
line 314
line 363
line 383
line 431
ln 482
ln 547
ln 559
ln 576
ln 626
ln 628
ln 633
ln 635
PSO:1
ln 695
ln 701
ln 775 - PSO starts
ln 1194
ln 1270
blindpso+cost.est:
  0.0322617
   0.367359
8.36277e-05
   0.545157
   0.585337
   0.518384
0.456169

PSO:2
ln 652
ln 695
ln 701
ln 775 - PSO starts
line 804
 ln 948 
ln 961
ln 961
ln 961
ln 961
ln 961
line 804
 ln 948 
ln 961
ln 961
ln 961
ln 961
ln 961
line 804
 ln 948 
ln 961
ln 961
ln 961
ln 961
ln 961
line 804
 ln 948 
ln 961
ln 961
ln 961
ln 961
ln 961
igmme + cost.est:
   0.498184
  0.0040287
1.19975e-07
   0.903978
   0.550806
  0.0197635
0.109214

w.mat   0.0748241    0.0449081    0.0016253 -0.000348564 -1.06999e-05 -9.18044e-07    0.0131982  0.000234046  3.10073e-05
   0.0449081       0.0546 -7.09467e-05 -0.000157792 -0.000583264  3.00397e-06   0.00945274  0.000119314  2.62072e-05
   0.0016253 -7.09467e-05   0.00277975  3.70642e-06  1.96376e-05 -7.25812e-06  0.000282038   0.00011752 -2.54421e-05
-0.000348564 -0.000157792  3.70642e-06  5.97487e-06  1.98918e-06   2.4318e-08 -1.75239e-05  9.57855e-06  1.68259e-06
-1.06999e-05 -0.000583264  1.96376e-05  1.98918e-06  2.79217e-05 -1.27192e-08  6.85091e-05 -7.30386e-07 -2.29799e-06
-9.18044e-07  3.00397e-06 -7.25812e-06   2.4318e-08 -1.27192e-08  3.43115e-08  1.55136e-07  1.50438e-07  1.95699e-07
   0.0131982   0.00945274  0.000282038 -1.75239e-05  6.85091e-05  1.55136e-07   0.00375115   4.7918e-05  1.49033e-05
 0.000234046  0.000119314   0.00011752  9.57855e-06 -7.30386e-07  1.50438e-07   4.7918e-05   0.00011749  1.73263e-05
 3.10073e-05  2.62072e-05 -2.54421e-05  1.68259e-06 -2.29799e-06  1.95699e-07  1.49033e-05  1.73263e-05  2.40993e-05

GBMAT: 
   0.526002    0.818709     0.42054    0.856764    0.419835    0.160053      270432
  0.0445577    0.544015  0.00140115    0.571186    0.640081    0.318343      250498
  0.0366096    0.569502 0.000645836    0.736996    0.269928    0.567134      250490
  0.0322617    0.367359 8.36277e-05    0.545157    0.585337    0.518384      250487
  0.0322617    0.367359 8.36277e-05    0.545157    0.585337    0.518384    0.456169
  0.0322617    0.367359 8.36277e-05    0.545157    0.585337    0.518384    0.456169
   0.273123     0.34419  9.4356e-08    0.605767    0.425476     0.42656    0.123315
   0.285783     0.34419  9.4356e-08    0.605767    0.425476    0.516358     0.12202
   0.320464     0.34419  9.4356e-08      0.4795    0.359817    0.539711    0.119136
   0.191435   0.0804662 1.44578e-06     0.58635    0.374566    0.569157    0.109063
   0.191435    0.046329 1.44578e-06    0.790265    0.245047    0.569157    0.108522
   0.370621    0.110214  9.3482e-07    0.740277    0.209383    0.577267    0.108521
   0.301949    0.084583 1.09483e-06    0.764175    0.222668    0.574159    0.108503
   0.302373   0.0846251 1.09329e-06    0.763343    0.222435    0.574173    0.108503
   0.276699   0.0749045 6.03871e-07    0.613701    0.180684    0.604704      0.1085
   0.301204   0.0810822 9.33974e-07    0.761019     0.19443    0.579894      0.1085
   0.277555   0.0749383 5.45975e-07    0.718994   0.0829714    0.315278      0.1085
   0.314411   0.0848734  7.4229e-07    0.586956    0.528008    0.290253    0.108499
   0.314411   0.0848734  7.4229e-07    0.586956    0.528008    0.290253    0.114627
   0.314411   0.0848734  7.4229e-07    0.586956    0.528008    0.290253    0.114627
    0.46582     0.10572 4.78176e-07    0.726555    0.531138     0.30727    0.113053
    0.46582     0.10572 4.78176e-07    0.726555    0.531138     0.30727    0.113053
    0.46582   0.0564638 4.78176e-07    0.726555    0.623617    0.228041    0.109976
    0.46582   0.0564638 4.78176e-07    0.726555    0.683733   0.0874342    0.109975
    0.46582    0.015952 4.78176e-07    0.726555    0.683733   0.0874342    0.108608
    0.46582    0.015952 4.78176e-07    0.726555    0.683733   0.0588394    0.108608
   0.306982  0.00606275 1.81717e-07    0.825143    0.461873    0.052335    0.108531
   0.306982  0.00303124 1.81717e-07    0.825143    0.392999    0.052335    0.108511
   0.335622  0.00253133 1.81717e-07    0.864683    0.461143   0.0529454    0.108511
   0.335568  0.00253076 1.54837e-07    0.864703    0.461172   0.0271923    0.108511
   0.485115  0.00435027 1.29551e-07    0.878541    0.462545   0.0284902    0.108511
   0.498184   0.0040287 1.19975e-07    0.903978    0.550806   0.0197635    0.108511
   0.498184   0.0040287 1.19975e-07    0.903978    0.550806   0.0197635    0.109214
   0.498184   0.0040287 1.19975e-07    0.903978    0.550806   0.0197635    0.109214
CODE FINISHED RUNNING IN 5899 s TIME!
Job Statistics for 1410556:
           JobID       User               Start                 End    Elapsed     MaxRSS   TotalCPU      State Exit        NodeList                                  ReqTRES 
---------------- ---------- ------------------- ------------------- ---------- ---------- ---------- ---------- ---- --------------- ---------------------------------------- 
         1410556   rsjxw007 2021-06-29T12:58:24 2021-06-29T14:36:44   01:38:20              01:37:48  COMPLETED  0:0   r1pl-hpcf-n01         billing=1,cpu=1,mem=7812M,node=1 
   1410556.batch            2021-06-29T12:58:24 2021-06-29T14:36:44   01:38:20      1.45M   01:37:48  COMPLETED  0:0   r1pl-hpcf-n01                                          
  1410556.extern            2021-06-29T12:58:24 2021-06-29T14:36:44   01:38:20          0  00:00.001  COMPLETED  0:0   r1pl-hpcf-n01                                          
CPU Efficiency: 99.47% of 01:38:20 core-walltime
