USING NONMIXED MOMENTS!!
nRuns:1
Using two part PSO Sample Size:1250 with:12 moments.
Using Times: 2 10 20 30 40
Bounds for Uniform Distribution (0,1)
Blind PSO --> nParts:1 Nsteps:1
Targeted PSO --> nParts:10 Nsteps:10
sdbeta:0.1
Reading in data!
Using starting row of data:0 and 1250 data pts!
first row X0:260.559 2143.24 4.86708 4.95832 65.2493 4.94309
final row X0:249.987 2396.05 5.91041 5.47538  172.01 5.00391



Loading in Truk!
Calculating Yt!
truk cost:5.62102e+09
XtmVec:     1.8591     1533.14     208.814     167.812     18.3461     193.023     9.88014 2.63981e+06     50131.2     50125.9     2179.27     41542.9
XtmVec:    74.1112     511.582     136.562     1244.05    0.772075     210.597     18646.5      583976     22617.6 1.81268e+06     67.1537     51278.9
XtmVec:    151.633     123.334       59.04     1709.51    0.461768     210.907     33850.2      120966      5108.3 3.19474e+06     27.0053     51490.7
XtmVec:   167.038    44.4491     43.635    1803.75   0.413007    210.956    35848.5    43386.6    2436.03 3.5269e+06    21.9153      51527
XtmVec:     169.76     24.1911     40.9136     1826.72    0.401947     210.967     36101.8     22238.9     2009.59 3.61007e+06     21.0066     51535.2
seedk:0.098598 0.100714 0.950519 0.155835 0.034803 0.178066| cost:6.51105e+09
PSO begins!
current:0.098598 0.100714 0.950519 0.155835 0.034803 0.178066 6.51105e+09
GBMAT from blind PSO:

   0.098598    0.100714    0.950519    0.155835    0.034803    0.178066 6.51105e+09
   0.098598    0.100714    0.950519    0.155835    0.034803    0.178066 6.51105e+09

truk:  0.1  0.1 0.95 0.17 0.05 0.18
total difference b/w truk and final GBVEC0.000438081

blind PSO FINISHED RUNNING IN 14 s TIME!
targeted PSO has started!
Updating Weight Matrix!
GBVEC AND COST:   0.098598    0.100714    0.950519    0.155835    0.034803    0.178066 6.51105e+09
Weights Before Inversion:
     16.9297     -1376.87            0            0            0            0            0            0            0            0            0            0
    -1376.87       601274       -26848            0            0            0            0            0            0            0            0            0
           0       -26848      13816.3      21842.8            0            0            0            0            0            0            0            0
           0            0      21842.8      44912.3     -5564.21            0            0            0            0            0            0            0
           0            0            0     -5564.21      3647.69      828.817            0            0            0            0            0            0
           0            0            0            0      828.817      8177.99      250.952            0            0            0            0            0
           0            0            0            0            0      250.952      42479.6 -4.92976e+07            0            0            0            0
           0            0            0            0            0            0 -4.92976e+07  7.27295e+12 -3.58704e+10            0            0            0
           0            0            0            0            0            0            0 -3.58704e+10  3.91928e+09  7.07126e+09            0            0
           0            0            0            0            0            0            0            0  7.07126e+09  1.60335e+10 -2.80241e+08            0
           0            0            0            0            0            0            0            0            0 -2.80241e+08  2.11595e+08  2.14486e+07
           0            0            0            0            0            0            0            0            0            0  2.14486e+07  1.66163e+09
Weights:
    0.084167  0.000308615   0.00259517  -0.00126221 -5.33057e-07  2.38525e-08 -2.71266e-11 -1.39227e-22 -2.80114e-20  5.41611e-21  1.97371e-19 -3.24376e-22
 0.000308615  3.79466e-06  3.19096e-05 -1.55198e-05 -6.55435e-09  2.93285e-10 -3.33544e-13 -1.71191e-24 -3.44423e-22  6.65953e-23  2.42683e-21 -3.98845e-24
  0.00259517  3.19096e-05  0.000581543 -0.000282843 -1.19451e-07  5.34503e-09 -6.07872e-12 -3.11989e-23 -6.27699e-21  1.21368e-21  4.42282e-20 -7.26882e-23
 -0.00126221 -1.55198e-05 -0.000282843  0.000159833  6.75008e-08 -3.02043e-09  3.43504e-12  1.76303e-23  3.54708e-21  -6.8584e-22  -2.4993e-20  4.10756e-23
-5.33057e-07 -6.55435e-09 -1.19451e-07  6.75008e-08  7.59281e-08 -3.39753e-09   3.8639e-12  1.98314e-23  3.98993e-21 -7.71466e-22 -2.81134e-20  4.62038e-23
 2.38525e-08  2.93285e-10  5.34503e-09 -3.02043e-09 -3.39753e-09  1.49528e-08 -1.70053e-11 -8.72795e-23   -1.756e-20  3.39528e-21  1.23729e-19 -2.03346e-22
-2.71266e-11 -3.33544e-13 -6.07872e-12  3.43504e-12   3.8639e-12 -1.70053e-11  5.54165e-10  2.84425e-21  5.72241e-19 -1.10645e-19 -4.03206e-18  6.62661e-21
-1.39227e-22 -1.71191e-24 -3.11989e-23  1.76303e-23  1.98314e-23 -8.72795e-23  2.84425e-21  2.45088e-24  4.93098e-22 -9.53422e-23 -3.47441e-21  5.71013e-24
-2.80114e-20 -3.44423e-22 -6.27699e-21  3.54708e-21  3.98993e-21   -1.756e-20  5.72241e-19  4.93098e-22  9.99788e-20 -1.93312e-20 -7.04459e-19  1.15777e-21
 5.41611e-21  6.65953e-23  1.21368e-21  -6.8584e-22 -7.71466e-22  3.39528e-21 -1.10645e-19 -9.53422e-23 -1.93312e-20  1.07144e-20   3.9045e-19 -6.41697e-22
 1.97371e-19  2.42683e-21  4.42282e-20  -2.4993e-20 -2.81134e-20  1.23729e-19 -4.03206e-18 -3.47441e-21 -7.04459e-19   3.9045e-19  2.23389e-17 -3.67136e-20
-3.24376e-22 -3.98845e-24 -7.26882e-23  4.10756e-23  4.62038e-23 -2.03346e-22  6.62661e-21  5.71013e-24  1.15777e-21 -6.41697e-22 -3.67136e-20  3.62186e-19
Weights Before Inversion:
     27335.5     -79085.9            0            0            0            0            0            0            0            0            0            0
    -79085.9       668410      21249.8            0            0            0            0            0            0            0            0            0
           0      21249.8      7865.77       3056.3            0            0            0            0            0            0            0            0
           0            0       3056.3       543845     -1175.23            0            0            0            0            0            0            0
           0            0            0     -1175.23      80.6694      152.977            0            0            0            0            0            0
           0            0            0            0      152.977      13096.7      -455639            0            0            0            0            0
           0            0            0            0            0      -455639  3.39921e+09 -2.33163e+10            0            0            0            0
           0            0            0            0            0            0 -2.33163e+10  2.13028e+12  2.15912e+09            0            0            0
           0            0            0            0            0            0            0  2.15912e+09  6.30352e+08  7.51407e+09            0            0
           0            0            0            0            0            0            0            0  7.51407e+09  4.00391e+12 -1.71433e+08            0
           0            0            0            0            0            0            0            0            0 -1.71433e+08  2.02319e+06  9.34483e+06
           0            0            0            0            0            0            0            0            0            0  9.34483e+06  3.58178e+09
Weights:
 5.84907e-05  7.57242e-06 -2.05036e-05   1.1906e-07    1.774e-06 -2.08264e-08  -3.0191e-12 -3.31624e-14  1.16199e-13 -2.18872e-16 -1.87722e-14  4.89765e-17
 7.57242e-06  2.61736e-06 -7.08692e-06  4.11521e-08  6.13173e-07 -7.19851e-09 -1.04353e-12 -1.14624e-14  4.01634e-14 -7.56517e-17 -6.48847e-15  1.69284e-17
-2.05036e-05 -7.08692e-06   0.00014661 -8.51328e-07 -1.26849e-05  1.48918e-07  2.15879e-11  2.37126e-13 -8.30875e-13  1.56503e-15  1.34229e-13 -3.50203e-16
  1.1906e-07  4.11521e-08 -8.51328e-07  1.90488e-06   2.8383e-05  -3.3321e-07 -4.83037e-11 -5.30578e-13  1.85911e-12 -3.50182e-15 -3.00343e-13  7.83593e-16
   1.774e-06  6.13173e-07 -1.26849e-05   2.8383e-05    0.0131014 -0.000153808 -2.22968e-08 -2.44912e-10  8.58158e-10 -1.61642e-12 -1.38637e-10  3.61703e-13
-2.08264e-08 -7.19851e-09  1.48918e-07  -3.3321e-07 -0.000153808  7.85479e-05  1.13867e-08  1.25074e-10 -4.38251e-10  8.25488e-13  7.08002e-11 -1.84717e-13
 -3.0191e-12 -1.04353e-12  2.15879e-11 -4.83037e-11 -2.22968e-08  1.13867e-08  3.19808e-10  3.51283e-12 -1.23088e-11  2.31848e-14   1.9885e-12 -5.18799e-15
-3.31624e-14 -1.14624e-14  2.37126e-13 -5.30578e-13 -2.44912e-10  1.25074e-10  3.51283e-12  5.09681e-13 -1.78589e-12   3.3639e-15  2.88514e-13  -7.5273e-16
 1.16199e-13  4.01634e-14 -8.30875e-13  1.85911e-12  8.58158e-10 -4.38251e-10 -1.23088e-11 -1.78589e-12  1.62911e-09 -3.06859e-12 -2.63186e-10   6.8665e-13
-2.18872e-16 -7.56517e-17  1.56503e-15 -3.50182e-15 -1.61642e-12  8.25488e-13  2.31848e-14   3.3639e-15 -3.06859e-12  2.56456e-13  2.19956e-11 -5.73865e-14
-1.87722e-14 -6.48847e-15  1.34229e-13 -3.00343e-13 -1.38637e-10  7.08002e-11   1.9885e-12  2.88514e-13 -2.63186e-10  2.19956e-11  5.02185e-07  -1.3102e-09
 4.89765e-17  1.69284e-17 -3.50203e-16  7.83593e-16  3.61703e-13 -1.84717e-13 -5.18799e-15  -7.5273e-16   6.8665e-13 -5.73865e-14  -1.3102e-09  2.82609e-10
Weights Before Inversion:
     22667.3       -37971            0            0            0            0            0            0            0            0            0            0
      -37971       206490      14945.4            0            0            0            0            0            0            0            0            0
           0      14945.4      3364.27     -2780.06            0            0            0            0            0            0            0            0
           0            0     -2780.06       564540     -633.103            0            0            0            0            0            0            0
           0            0            0     -633.103      28.1188      87.0192            0            0            0            0            0            0
           0            0            0            0      87.0192      13281.2      -647099            0            0            0            0            0
           0            0            0            0            0      -647099  3.34982e+09 -9.07331e+09            0            0            0            0
           0            0            0            0            0            0 -9.07331e+09  3.97802e+11  2.10234e+09            0            0            0
           0            0            0            0            0            0            0  2.10234e+09  1.06454e+08  7.71739e+08            0            0
           0            0            0            0            0            0            0            0  7.71739e+08  7.48543e+12 -8.37495e+07            0
           0            0            0            0            0            0            0            0            0 -8.37495e+07       326505  4.35222e+06
           0            0            0            0            0            0            0            0            0            0  4.35222e+06  3.68804e+09
Weights:
 8.09364e-05  2.19802e-05 -9.80542e-05 -4.95641e-07 -1.13929e-05  7.54095e-08  1.56466e-11  3.98499e-13 -7.87579e-12  8.14359e-16  2.12224e-13 -2.50443e-16
 2.19802e-05  1.31214e-05 -5.85348e-05  -2.9588e-07 -6.80114e-06  4.50167e-08  9.34042e-12   2.3789e-13 -4.70156e-12  4.86143e-16   1.2669e-13 -1.49505e-16
-9.80542e-05 -5.85348e-05  0.000559613  2.82871e-06  6.50213e-05 -4.30376e-07 -8.92977e-11 -2.27431e-12  4.49486e-11  -4.6477e-15  -1.2112e-12  1.42932e-15
-4.95641e-07  -2.9588e-07  2.82871e-06  1.83252e-06  4.21226e-05  -2.7881e-07 -5.78496e-11 -1.47336e-12   2.9119e-11 -3.01091e-15  -7.8465e-13  9.25957e-16
-1.13929e-05 -6.80114e-06  6.50213e-05  4.21226e-05    0.0372754 -0.000246726 -5.11925e-08 -1.30381e-09  2.57681e-08 -2.66443e-12 -6.94356e-10  8.19402e-13
 7.54095e-08  4.50167e-08 -4.30376e-07  -2.7881e-07 -0.000246726  7.76967e-05  1.61211e-08  4.10586e-10 -8.11467e-09  8.39059e-13  2.18661e-10 -2.58039e-13
 1.56466e-11  9.34042e-12 -8.92977e-11 -5.78496e-11 -5.11925e-08  1.61211e-08  3.23988e-10  8.25159e-12 -1.63082e-10  1.68627e-14  4.39445e-12 -5.18584e-15
 3.98499e-13   2.3789e-13 -2.27431e-12 -1.47336e-12 -1.30381e-09  4.10586e-10  8.25159e-12  3.01716e-12 -5.96301e-11  6.16577e-15  1.60681e-12 -1.89618e-15
-7.87579e-12 -4.70156e-12  4.49486e-11   2.9119e-11  2.57681e-08 -8.11467e-09 -1.63082e-10 -5.96301e-11  1.05793e-08  -1.0939e-12 -2.85073e-10  3.36412e-13
 8.14359e-16  4.86143e-16  -4.6477e-15 -3.01091e-15 -2.66443e-12  8.39059e-13  1.68627e-14  6.16577e-15  -1.0939e-12  1.34097e-13  3.49459e-11 -4.12393e-14
 2.12224e-13   1.2669e-13  -1.2112e-12  -7.8465e-13 -6.94356e-10  2.18661e-10  4.39445e-12  1.60681e-12 -2.85073e-10  3.49459e-11  3.12079e-06 -3.68281e-09
-2.50443e-16 -1.49505e-16  1.42932e-15  9.25957e-16  8.19402e-13 -2.58039e-13 -5.18584e-15 -1.89618e-15  3.36412e-13 -4.12393e-14 -3.68281e-09  2.75493e-10
Weights Before Inversion:
     16789.9       -15219            0            0            0            0            0            0            0            0            0            0
      -15219      75072.4      4531.56            0            0            0            0            0            0            0            0            0
           0      4531.56      1077.41     -1920.62            0            0            0            0            0            0            0            0
           0            0     -1920.62       573461     -511.755            0            0            0            0            0            0            0
           0            0            0     -511.755      22.3184      74.2542            0            0            0            0            0            0
           0            0            0            0      74.2542      13312.5      -600132            0            0            0            0            0
           0            0            0            0            0      -600132  3.13975e+09 -3.69485e+09            0            0            0            0
           0            0            0            0            0            0 -3.69485e+09  1.23588e+11  5.58271e+08            0            0            0
           0            0            0            0            0            0            0  5.58271e+08  2.06959e+07 -3.17495e+07            0            0
           0            0            0            0            0            0            0            0 -3.17495e+07  9.03201e+12 -6.60828e+07            0
           0            0            0            0            0            0            0            0            0 -6.60828e+07       218961  3.56861e+06
           0            0            0            0            0            0            0            0            0            0  3.56861e+06  3.70753e+09
Weights:
 7.90754e-05  2.15302e-05 -9.11109e-05 -3.11646e-07  -7.2823e-06  4.09871e-08  8.16124e-12  2.77849e-13   -7.495e-12 -2.64058e-17 -8.09633e-15  7.79298e-18
 2.15302e-05  2.37525e-05 -0.000100515 -3.43814e-07 -8.03399e-06  4.52178e-08  9.00365e-12  3.06528e-13 -8.26864e-12 -2.91315e-17 -8.93204e-15  8.59738e-18
-9.11109e-05 -0.000100515   0.00135921  4.64918e-06  0.000108639 -6.11451e-07 -1.21751e-10 -4.14499e-12  1.11812e-10  3.93926e-16  1.20782e-13 -1.16257e-16
-3.11646e-07 -3.43814e-07  4.64918e-06  1.79684e-06  4.19872e-05 -2.36317e-07 -4.70548e-11 -1.60198e-12  4.32135e-11  1.52247e-16  4.66806e-14 -4.49316e-17
 -7.2823e-06 -8.03399e-06  0.000108639  4.19872e-05    0.0466422 -0.000262517 -5.22716e-08 -1.77958e-09  4.80045e-08  1.69126e-13  5.18559e-11  -4.9913e-14
 4.09871e-08  4.52178e-08 -6.11451e-07 -2.36317e-07 -0.000262517  7.72754e-05  1.53869e-08  5.23844e-10 -1.41308e-08 -4.97845e-14 -1.52645e-11  1.46926e-14
 8.16124e-12  9.00365e-12 -1.21751e-10 -4.70548e-11 -5.22716e-08  1.53869e-08  3.34853e-10     1.14e-11 -3.07518e-10 -1.08342e-15  -3.3219e-13  3.19744e-16
 2.77849e-13  3.06528e-13 -4.14499e-12 -1.60198e-12 -1.77958e-09  5.23844e-10     1.14e-11  9.60226e-12 -2.59022e-10 -9.12568e-16 -2.79804e-13   2.6932e-16
  -7.495e-12 -8.26864e-12  1.11812e-10  4.32135e-11  4.80045e-08 -1.41308e-08 -3.07518e-10 -2.59022e-10  5.53063e-08  1.94851e-13  5.97435e-11 -5.75051e-14
-2.64058e-17 -2.91315e-17  3.93926e-16  1.52247e-16  1.69126e-13 -4.97845e-14 -1.08342e-15 -9.12568e-16  1.94851e-13  1.10967e-13  3.40238e-11  -3.2749e-14
-8.09633e-15 -8.93204e-15  1.20782e-13  4.66806e-14  5.18559e-11 -1.52645e-11  -3.3219e-13 -2.79804e-13  5.97435e-11  3.40238e-11  4.65024e-06   -4.476e-09
 7.79298e-18  8.59738e-18 -1.16257e-16 -4.49316e-17  -4.9913e-14  1.46926e-14  3.19744e-16   2.6932e-16 -5.75051e-14  -3.2749e-14   -4.476e-09   2.7403e-10
Weights Before Inversion:
     15420.7     -7978.28            0            0            0            0            0            0            0            0            0            0
    -7978.28      36877.4      1996.16            0            0            0            0            0            0            0            0            0
           0      1996.16      646.627     -1468.19            0            0            0            0            0            0            0            0
           0            0     -1468.19       566137     -479.307            0            0            0            0            0            0            0
           0            0            0     -479.307      21.2516      70.6525            0            0            0            0            0            0
           0            0            0            0      70.6525      13320.8      -573745            0            0            0            0            0
           0            0            0            0            0      -573745   3.1097e+09 -1.95313e+09            0            0            0            0
           0            0            0            0            0            0 -1.95313e+09  6.16035e+10  2.32529e+08            0            0            0
           0            0            0            0            0            0            0  2.32529e+08  8.39922e+06 -1.96597e+08            0            0
           0            0            0            0            0            0            0            0 -1.96597e+08  9.29567e+12 -6.28579e+07            0
           0            0            0            0            0            0            0            0            0 -6.28579e+07       202669  3.41484e+06
           0            0            0            0            0            0            0            0            0            0  3.41484e+06  3.71262e+09
Weights:
 7.49298e-05  1.94867e-05 -6.05196e-05  -1.6006e-07 -3.67532e-06  1.96534e-08  3.70856e-12  1.31307e-13 -3.63699e-12 -7.70839e-17 -2.42839e-14  2.23362e-17
 1.94867e-05  3.76646e-05 -0.000116974 -3.09369e-07 -7.10379e-06  3.79868e-08  7.16803e-12  2.53795e-13 -7.02971e-12 -1.48991e-16 -4.69369e-14  4.31722e-17
-6.05196e-05 -0.000116974   0.00191912   5.0756e-06  0.000116547 -6.23222e-07 -1.17601e-10 -4.16383e-12  1.15331e-10  2.44438e-15  7.70059e-13 -7.08294e-16
 -1.6006e-07 -3.09369e-07   5.0756e-06   1.8148e-06  4.16717e-05 -2.22835e-07 -4.20486e-11 -1.48879e-12  4.12372e-11  8.73998e-16  2.75337e-13 -2.53253e-16
-3.67532e-06 -7.10379e-06  0.000116547  4.16717e-05    0.0488639 -0.000261295 -4.93058e-08 -1.74575e-09  4.83543e-08  1.02484e-12  3.22858e-10 -2.96962e-13
 1.96534e-08  3.79868e-08 -6.23222e-07 -2.22835e-07 -0.000261295  7.70832e-05  1.45454e-08  5.15004e-10 -1.42648e-08 -3.02333e-13 -9.52447e-11  8.76054e-14
 3.70856e-12  7.16803e-12 -1.17601e-10 -4.20486e-11 -4.93058e-08  1.45454e-08  3.31633e-10   1.1742e-11 -3.25234e-10 -6.89313e-15 -2.17156e-12  1.99738e-15
 1.31307e-13  2.53795e-13 -4.16383e-12 -1.48879e-12 -1.74575e-09  5.15004e-10   1.1742e-11  1.85439e-11 -5.13635e-10 -1.08862e-14  -3.4295e-12  3.15443e-15
-3.63699e-12 -7.02971e-12  1.15331e-10  4.12372e-11  4.83543e-08 -1.42648e-08 -3.25234e-10 -5.13635e-10  1.33345e-07  2.82616e-12  8.90332e-10  -8.1892e-13
-7.70839e-17 -1.48991e-16  2.44438e-15  8.73998e-16  1.02484e-12 -3.02333e-13 -6.89313e-15 -1.08862e-14  2.82616e-12  1.07867e-13  3.39814e-11 -3.12559e-14
-2.42839e-14 -4.69369e-14  7.70059e-13  2.75337e-13  3.22858e-10 -9.52447e-11 -2.17156e-12  -3.4295e-12  8.90332e-10  3.39814e-11  5.02253e-06 -4.61968e-09
 2.23362e-17  4.31722e-17 -7.08294e-16 -2.53253e-16 -2.96962e-13  8.76054e-14  1.99738e-15  3.15443e-15  -8.1892e-13 -3.12559e-14 -4.61968e-09  2.73601e-10
New PBMAT:
 0.0943097   0.123598   0.921063   0.160684 0.00584685   0.340854    15.8078
 0.0427208   0.249968   0.967059   0.123452  0.0304236   0.215888    1.13982
 0.0806285  0.0785598   0.962797   0.155264 0.00853917   0.219931   0.610858
  0.056879   0.106117   0.967548  0.0652466  0.0484447   0.201642   0.334373
  0.161089  0.0557497   0.991652   0.170563 2.8804e-05   0.143222   0.837314
 0.0354751  0.0704631   0.986535    0.14824  0.0053578   0.139813    1.43895
  0.036547   0.117117   0.978996   0.201338  0.0215416   0.176986   0.799543
 0.0997598  0.0860681   0.980079   0.161555 2.0402e-05   0.145217   0.594474
 0.0527176   0.091718   0.889785   0.154176  0.0448167   0.137752   0.503892
  0.102191  0.0825163   0.951263   0.107158  0.0321686   0.157899   0.180629

underflow!2.0402e-05
pos 0.0997598  0.0860681   0.980079   0.161555 2.0402e-05   0.145217
underflow!2.8804e-05
pos  0.161089  0.0557497   0.991652   0.170563 2.8804e-05   0.143222
underflow!0.00436973
pos 0.0428818  0.0748334   0.982309   0.103981 0.00436973   0.144302
underflow!0.00419829
pos  0.159439   0.076896   0.990566   0.168977 0.00419829   0.144142
Updating Weight Matrix!
GBVEC AND COST: 0.098598  0.100714  0.950519  0.155835  0.034803  0.178066 0.0289252
Weights Before Inversion:
     16.9297     -1376.87            0            0            0            0            0            0            0            0            0            0
    -1376.87       601274       -26848            0            0            0            0            0            0            0            0            0
           0       -26848      13816.3      21842.8            0            0            0            0            0            0            0            0
           0            0      21842.8      44912.3     -5564.21            0            0            0            0            0            0            0
           0            0            0     -5564.21      3647.69      828.817            0            0            0            0            0            0
           0            0            0            0      828.817      8177.99      250.952            0            0            0            0            0
           0            0            0            0            0      250.952      42479.6 -4.92976e+07            0            0            0            0
           0            0            0            0            0            0 -4.92976e+07  7.27295e+12 -3.58704e+10            0            0            0
           0            0            0            0            0            0            0 -3.58704e+10  3.91928e+09  7.07126e+09            0            0
           0            0            0            0            0            0            0            0  7.07126e+09  1.60335e+10 -2.80241e+08            0
           0            0            0            0            0            0            0            0            0 -2.80241e+08  2.11595e+08  2.14486e+07
           0            0            0            0            0            0            0            0            0            0  2.14486e+07  1.66163e+09
Weights:
    0.084167  0.000308615   0.00259517  -0.00126221 -5.33057e-07  2.38525e-08 -2.71266e-11 -1.39227e-22 -2.80114e-20  5.41611e-21  1.97371e-19 -3.24376e-22
 0.000308615  3.79466e-06  3.19096e-05 -1.55198e-05 -6.55435e-09  2.93285e-10 -3.33544e-13 -1.71191e-24 -3.44423e-22  6.65953e-23  2.42683e-21 -3.98845e-24
  0.00259517  3.19096e-05  0.000581543 -0.000282843 -1.19451e-07  5.34503e-09 -6.07872e-12 -3.11989e-23 -6.27699e-21  1.21368e-21  4.42282e-20 -7.26882e-23
 -0.00126221 -1.55198e-05 -0.000282843  0.000159833  6.75008e-08 -3.02043e-09  3.43504e-12  1.76303e-23  3.54708e-21  -6.8584e-22  -2.4993e-20  4.10756e-23
-5.33057e-07 -6.55435e-09 -1.19451e-07  6.75008e-08  7.59281e-08 -3.39753e-09   3.8639e-12  1.98314e-23  3.98993e-21 -7.71466e-22 -2.81134e-20  4.62038e-23
 2.38525e-08  2.93285e-10  5.34503e-09 -3.02043e-09 -3.39753e-09  1.49528e-08 -1.70053e-11 -8.72795e-23   -1.756e-20  3.39528e-21  1.23729e-19 -2.03346e-22
-2.71266e-11 -3.33544e-13 -6.07872e-12  3.43504e-12   3.8639e-12 -1.70053e-11  5.54165e-10  2.84425e-21  5.72241e-19 -1.10645e-19 -4.03206e-18  6.62661e-21
-1.39227e-22 -1.71191e-24 -3.11989e-23  1.76303e-23  1.98314e-23 -8.72795e-23  2.84425e-21  2.45088e-24  4.93098e-22 -9.53422e-23 -3.47441e-21  5.71013e-24
-2.80114e-20 -3.44423e-22 -6.27699e-21  3.54708e-21  3.98993e-21   -1.756e-20  5.72241e-19  4.93098e-22  9.99788e-20 -1.93312e-20 -7.04459e-19  1.15777e-21
 5.41611e-21  6.65953e-23  1.21368e-21  -6.8584e-22 -7.71466e-22  3.39528e-21 -1.10645e-19 -9.53422e-23 -1.93312e-20  1.07144e-20   3.9045e-19 -6.41697e-22
 1.97371e-19  2.42683e-21  4.42282e-20  -2.4993e-20 -2.81134e-20  1.23729e-19 -4.03206e-18 -3.47441e-21 -7.04459e-19   3.9045e-19  2.23389e-17 -3.67136e-20
-3.24376e-22 -3.98845e-24 -7.26882e-23  4.10756e-23  4.62038e-23 -2.03346e-22  6.62661e-21  5.71013e-24  1.15777e-21 -6.41697e-22 -3.67136e-20  3.62186e-19
Weights Before Inversion:
     27335.5     -79085.9            0            0            0            0            0            0            0            0            0            0
    -79085.9       668410      21249.8            0            0            0            0            0            0            0            0            0
           0      21249.8      7865.77       3056.3            0            0            0            0            0            0            0            0
           0            0       3056.3       543845     -1175.23            0            0            0            0            0            0            0
           0            0            0     -1175.23      80.6694      152.977            0            0            0            0            0            0
           0            0            0            0      152.977      13096.7      -455639            0            0            0            0            0
           0            0            0            0            0      -455639  3.39921e+09 -2.33163e+10            0            0            0            0
           0            0            0            0            0            0 -2.33163e+10  2.13028e+12  2.15912e+09            0            0            0
           0            0            0            0            0            0            0  2.15912e+09  6.30352e+08  7.51407e+09            0            0
           0            0            0            0            0            0            0            0  7.51407e+09  4.00391e+12 -1.71433e+08            0
           0            0            0            0            0            0            0            0            0 -1.71433e+08  2.02319e+06  9.34483e+06
           0            0            0            0            0            0            0            0            0            0  9.34483e+06  3.58178e+09
Weights:
 5.84907e-05  7.57242e-06 -2.05036e-05   1.1906e-07    1.774e-06 -2.08264e-08  -3.0191e-12 -3.31624e-14  1.16199e-13 -2.18872e-16 -1.87722e-14  4.89765e-17
 7.57242e-06  2.61736e-06 -7.08692e-06  4.11521e-08  6.13173e-07 -7.19851e-09 -1.04353e-12 -1.14624e-14  4.01634e-14 -7.56517e-17 -6.48847e-15  1.69284e-17
-2.05036e-05 -7.08692e-06   0.00014661 -8.51328e-07 -1.26849e-05  1.48918e-07  2.15879e-11  2.37126e-13 -8.30875e-13  1.56503e-15  1.34229e-13 -3.50203e-16
  1.1906e-07  4.11521e-08 -8.51328e-07  1.90488e-06   2.8383e-05  -3.3321e-07 -4.83037e-11 -5.30578e-13  1.85911e-12 -3.50182e-15 -3.00343e-13  7.83593e-16
   1.774e-06  6.13173e-07 -1.26849e-05   2.8383e-05    0.0131014 -0.000153808 -2.22968e-08 -2.44912e-10  8.58158e-10 -1.61642e-12 -1.38637e-10  3.61703e-13
-2.08264e-08 -7.19851e-09  1.48918e-07  -3.3321e-07 -0.000153808  7.85479e-05  1.13867e-08  1.25074e-10 -4.38251e-10  8.25488e-13  7.08002e-11 -1.84717e-13
 -3.0191e-12 -1.04353e-12  2.15879e-11 -4.83037e-11 -2.22968e-08  1.13867e-08  3.19808e-10  3.51283e-12 -1.23088e-11  2.31848e-14   1.9885e-12 -5.18799e-15
-3.31624e-14 -1.14624e-14  2.37126e-13 -5.30578e-13 -2.44912e-10  1.25074e-10  3.51283e-12  5.09681e-13 -1.78589e-12   3.3639e-15  2.88514e-13  -7.5273e-16
 1.16199e-13  4.01634e-14 -8.30875e-13  1.85911e-12  8.58158e-10 -4.38251e-10 -1.23088e-11 -1.78589e-12  1.62911e-09 -3.06859e-12 -2.63186e-10   6.8665e-13
-2.18872e-16 -7.56517e-17  1.56503e-15 -3.50182e-15 -1.61642e-12  8.25488e-13  2.31848e-14   3.3639e-15 -3.06859e-12  2.56456e-13  2.19956e-11 -5.73865e-14
-1.87722e-14 -6.48847e-15  1.34229e-13 -3.00343e-13 -1.38637e-10  7.08002e-11   1.9885e-12  2.88514e-13 -2.63186e-10  2.19956e-11  5.02185e-07  -1.3102e-09
 4.89765e-17  1.69284e-17 -3.50203e-16  7.83593e-16  3.61703e-13 -1.84717e-13 -5.18799e-15  -7.5273e-16   6.8665e-13 -5.73865e-14  -1.3102e-09  2.82609e-10
Weights Before Inversion:
     22667.3       -37971            0            0            0            0            0            0            0            0            0            0
      -37971       206490      14945.4            0            0            0            0            0            0            0            0            0
           0      14945.4      3364.27     -2780.06            0            0            0            0            0            0            0            0
           0            0     -2780.06       564540     -633.103            0            0            0            0            0            0            0
           0            0            0     -633.103      28.1188      87.0192            0            0            0            0            0            0
           0            0            0            0      87.0192      13281.2      -647099            0            0            0            0            0
           0            0            0            0            0      -647099  3.34982e+09 -9.07331e+09            0            0            0            0
           0            0            0            0            0            0 -9.07331e+09  3.97802e+11  2.10234e+09            0            0            0
           0            0            0            0            0            0            0  2.10234e+09  1.06454e+08  7.71739e+08            0            0
           0            0            0            0            0            0            0            0  7.71739e+08  7.48543e+12 -8.37495e+07            0
           0            0            0            0            0            0            0            0            0 -8.37495e+07       326505  4.35222e+06
           0            0            0            0            0            0            0            0            0            0  4.35222e+06  3.68804e+09
Weights:
 8.09364e-05  2.19802e-05 -9.80542e-05 -4.95641e-07 -1.13929e-05  7.54095e-08  1.56466e-11  3.98499e-13 -7.87579e-12  8.14359e-16  2.12224e-13 -2.50443e-16
 2.19802e-05  1.31214e-05 -5.85348e-05  -2.9588e-07 -6.80114e-06  4.50167e-08  9.34042e-12   2.3789e-13 -4.70156e-12  4.86143e-16   1.2669e-13 -1.49505e-16
-9.80542e-05 -5.85348e-05  0.000559613  2.82871e-06  6.50213e-05 -4.30376e-07 -8.92977e-11 -2.27431e-12  4.49486e-11  -4.6477e-15  -1.2112e-12  1.42932e-15
-4.95641e-07  -2.9588e-07  2.82871e-06  1.83252e-06  4.21226e-05  -2.7881e-07 -5.78496e-11 -1.47336e-12   2.9119e-11 -3.01091e-15  -7.8465e-13  9.25957e-16
-1.13929e-05 -6.80114e-06  6.50213e-05  4.21226e-05    0.0372754 -0.000246726 -5.11925e-08 -1.30381e-09  2.57681e-08 -2.66443e-12 -6.94356e-10  8.19402e-13
 7.54095e-08  4.50167e-08 -4.30376e-07  -2.7881e-07 -0.000246726  7.76967e-05  1.61211e-08  4.10586e-10 -8.11467e-09  8.39059e-13  2.18661e-10 -2.58039e-13
 1.56466e-11  9.34042e-12 -8.92977e-11 -5.78496e-11 -5.11925e-08  1.61211e-08  3.23988e-10  8.25159e-12 -1.63082e-10  1.68627e-14  4.39445e-12 -5.18584e-15
 3.98499e-13   2.3789e-13 -2.27431e-12 -1.47336e-12 -1.30381e-09  4.10586e-10  8.25159e-12  3.01716e-12 -5.96301e-11  6.16577e-15  1.60681e-12 -1.89618e-15
-7.87579e-12 -4.70156e-12  4.49486e-11   2.9119e-11  2.57681e-08 -8.11467e-09 -1.63082e-10 -5.96301e-11  1.05793e-08  -1.0939e-12 -2.85073e-10  3.36412e-13
 8.14359e-16  4.86143e-16  -4.6477e-15 -3.01091e-15 -2.66443e-12  8.39059e-13  1.68627e-14  6.16577e-15  -1.0939e-12  1.34097e-13  3.49459e-11 -4.12393e-14
 2.12224e-13   1.2669e-13  -1.2112e-12  -7.8465e-13 -6.94356e-10  2.18661e-10  4.39445e-12  1.60681e-12 -2.85073e-10  3.49459e-11  3.12079e-06 -3.68281e-09
-2.50443e-16 -1.49505e-16  1.42932e-15  9.25957e-16  8.19402e-13 -2.58039e-13 -5.18584e-15 -1.89618e-15  3.36412e-13 -4.12393e-14 -3.68281e-09  2.75493e-10
Weights Before Inversion:
     16789.9       -15219            0            0            0            0            0            0            0            0            0            0
      -15219      75072.4      4531.56            0            0            0            0            0            0            0            0            0
           0      4531.56      1077.41     -1920.62            0            0            0            0            0            0            0            0
           0            0     -1920.62       573461     -511.755            0            0            0            0            0            0            0
           0            0            0     -511.755      22.3184      74.2542            0            0            0            0            0            0
           0            0            0            0      74.2542      13312.5      -600132            0            0            0            0            0
           0            0            0            0            0      -600132  3.13975e+09 -3.69485e+09            0            0            0            0
           0            0            0            0            0            0 -3.69485e+09  1.23588e+11  5.58271e+08            0            0            0
           0            0            0            0            0            0            0  5.58271e+08  2.06959e+07 -3.17495e+07            0            0
           0            0            0            0            0            0            0            0 -3.17495e+07  9.03201e+12 -6.60828e+07            0
           0            0            0            0            0            0            0            0            0 -6.60828e+07       218961  3.56861e+06
           0            0            0            0            0            0            0            0            0            0  3.56861e+06  3.70753e+09
Weights:
 7.90754e-05  2.15302e-05 -9.11109e-05 -3.11646e-07  -7.2823e-06  4.09871e-08  8.16124e-12  2.77849e-13   -7.495e-12 -2.64058e-17 -8.09633e-15  7.79298e-18
 2.15302e-05  2.37525e-05 -0.000100515 -3.43814e-07 -8.03399e-06  4.52178e-08  9.00365e-12  3.06528e-13 -8.26864e-12 -2.91315e-17 -8.93204e-15  8.59738e-18
-9.11109e-05 -0.000100515   0.00135921  4.64918e-06  0.000108639 -6.11451e-07 -1.21751e-10 -4.14499e-12  1.11812e-10  3.93926e-16  1.20782e-13 -1.16257e-16
-3.11646e-07 -3.43814e-07  4.64918e-06  1.79684e-06  4.19872e-05 -2.36317e-07 -4.70548e-11 -1.60198e-12  4.32135e-11  1.52247e-16  4.66806e-14 -4.49316e-17
 -7.2823e-06 -8.03399e-06  0.000108639  4.19872e-05    0.0466422 -0.000262517 -5.22716e-08 -1.77958e-09  4.80045e-08  1.69126e-13  5.18559e-11  -4.9913e-14
 4.09871e-08  4.52178e-08 -6.11451e-07 -2.36317e-07 -0.000262517  7.72754e-05  1.53869e-08  5.23844e-10 -1.41308e-08 -4.97845e-14 -1.52645e-11  1.46926e-14
 8.16124e-12  9.00365e-12 -1.21751e-10 -4.70548e-11 -5.22716e-08  1.53869e-08  3.34853e-10     1.14e-11 -3.07518e-10 -1.08342e-15  -3.3219e-13  3.19744e-16
 2.77849e-13  3.06528e-13 -4.14499e-12 -1.60198e-12 -1.77958e-09  5.23844e-10     1.14e-11  9.60226e-12 -2.59022e-10 -9.12568e-16 -2.79804e-13   2.6932e-16
  -7.495e-12 -8.26864e-12  1.11812e-10  4.32135e-11  4.80045e-08 -1.41308e-08 -3.07518e-10 -2.59022e-10  5.53063e-08  1.94851e-13  5.97435e-11 -5.75051e-14
-2.64058e-17 -2.91315e-17  3.93926e-16  1.52247e-16  1.69126e-13 -4.97845e-14 -1.08342e-15 -9.12568e-16  1.94851e-13  1.10967e-13  3.40238e-11  -3.2749e-14
-8.09633e-15 -8.93204e-15  1.20782e-13  4.66806e-14  5.18559e-11 -1.52645e-11  -3.3219e-13 -2.79804e-13  5.97435e-11  3.40238e-11  4.65024e-06   -4.476e-09
 7.79298e-18  8.59738e-18 -1.16257e-16 -4.49316e-17  -4.9913e-14  1.46926e-14  3.19744e-16   2.6932e-16 -5.75051e-14  -3.2749e-14   -4.476e-09   2.7403e-10
Weights Before Inversion:
     15420.7     -7978.28            0            0            0            0            0            0            0            0            0            0
    -7978.28      36877.4      1996.16            0            0            0            0            0            0            0            0            0
           0      1996.16      646.627     -1468.19            0            0            0            0            0            0            0            0
           0            0     -1468.19       566137     -479.307            0            0            0            0            0            0            0
           0            0            0     -479.307      21.2516      70.6525            0            0            0            0            0            0
           0            0            0            0      70.6525      13320.8      -573745            0            0            0            0            0
           0            0            0            0            0      -573745   3.1097e+09 -1.95313e+09            0            0            0            0
           0            0            0            0            0            0 -1.95313e+09  6.16035e+10  2.32529e+08            0            0            0
           0            0            0            0            0            0            0  2.32529e+08  8.39922e+06 -1.96597e+08            0            0
           0            0            0            0            0            0            0            0 -1.96597e+08  9.29567e+12 -6.28579e+07            0
           0            0            0            0            0            0            0            0            0 -6.28579e+07       202669  3.41484e+06
           0            0            0            0            0            0            0            0            0            0  3.41484e+06  3.71262e+09
Weights:
 7.49298e-05  1.94867e-05 -6.05196e-05  -1.6006e-07 -3.67532e-06  1.96534e-08  3.70856e-12  1.31307e-13 -3.63699e-12 -7.70839e-17 -2.42839e-14  2.23362e-17
 1.94867e-05  3.76646e-05 -0.000116974 -3.09369e-07 -7.10379e-06  3.79868e-08  7.16803e-12  2.53795e-13 -7.02971e-12 -1.48991e-16 -4.69369e-14  4.31722e-17
-6.05196e-05 -0.000116974   0.00191912   5.0756e-06  0.000116547 -6.23222e-07 -1.17601e-10 -4.16383e-12  1.15331e-10  2.44438e-15  7.70059e-13 -7.08294e-16
 -1.6006e-07 -3.09369e-07   5.0756e-06   1.8148e-06  4.16717e-05 -2.22835e-07 -4.20486e-11 -1.48879e-12  4.12372e-11  8.73998e-16  2.75337e-13 -2.53253e-16
-3.67532e-06 -7.10379e-06  0.000116547  4.16717e-05    0.0488639 -0.000261295 -4.93058e-08 -1.74575e-09  4.83543e-08  1.02484e-12  3.22858e-10 -2.96962e-13
 1.96534e-08  3.79868e-08 -6.23222e-07 -2.22835e-07 -0.000261295  7.70832e-05  1.45454e-08  5.15004e-10 -1.42648e-08 -3.02333e-13 -9.52447e-11  8.76054e-14
