USING NONMIXED MOMENTS!!
nRuns:1
Using two part PSO Sample Size:25000 with:12 moments.
Using Times:0.5   2  10  20  30
Bounds for Uniform Distribution (0,1)
Blind PSO --> nParts:1 Nsteps:1
Targeted PSO --> nParts:1 Nsteps:1
sdbeta:0.1
Reading in data!
Using starting row of data:0 and 25000 data pts!
first row X0:260.559 2143.24 4.86708 4.95832 65.2493 4.94309
final row X0:210.849 2074.81 5.43942 5.39641 290.483 6.57851



Loading in Truk!
Calculating Yt!
truk cost:1.18923e+09
XtmVec:    1.39199     1759.42      209.64     14.2827     120.226     90.5904      2.6808 3.35602e+06     50682.7     431.467     20706.4     9058.01
XtmVec:    2.00006     1504.51     209.032     166.726     17.1516     193.665     45.0605 2.55024e+06     50231.1     49737.8     1904.93     41693.7
XtmVec:    76.3636     496.366     134.668     1232.58    0.491958     210.325     19071.3      558930     22008.9 1.77753e+06     17.9041     50898.6
XtmVec:   152.003    117.685    59.0284    1686.67   0.263149    210.554    33973.5     111384    5023.44 3.1062e+06    5.86633    51056.1
XtmVec:    166.831     39.9048     44.2009     1779.25    0.233355     210.583     35872.6     35553.3     2483.55 3.42777e+06     4.67207     51077.5
seedk: 0.1  0.1 0.95 0.17 0.05 0.18| cost:1.18923e+09
PSO begins!
current: 0.1  0.1 0.95 0.17 0.05 0.18 1.18923e+09
GBMAT from blind PSO:

        0.1         0.1        0.95        0.17        0.05        0.18 1.18923e+09
        0.1         0.1        0.95        0.17        0.05        0.18 1.18923e+09

truk:  0.1  0.1 0.95 0.17 0.05 0.18
total difference b/w truk and final GBVEC0

blind PSO FINISHED RUNNING IN 144 s TIME!
targeted PSO has started!
Updating Weight Matrix!
GBVEC AND COST:        0.1         0.1        0.95        0.17        0.05        0.18 1.18923e+09
Weights Before Inversion:
      1.5197     -504.734            0            0            0            0            0            0            0            0            0            0
    -504.734       523368     -11367.7            0            0            0            0            0            0            0            0            0
           0     -11367.7      13494.2       1679.8            0            0            0            0            0            0            0            0
           0            0       1679.8      447.219     -1388.56            0            0            0            0            0            0            0
           0            0            0     -1388.56      12618.7     -340.197            0            0            0            0            0            0
           0            0            0            0     -340.197       1694.1      150.364            0            0            0            0            0
           0            0            0            0            0      150.364      182.364 -6.92371e+06            0            0            0            0
           0            0            0            0            0            0 -6.92371e+06  8.19935e+12 -2.04816e+10            0            0            0
           0            0            0            0            0            0            0 -2.04816e+10  3.94637e+09  8.03225e+07            0            0
           0            0            0            0            0            0            0            0  8.03225e+07   4.5532e+06 -1.45188e+07            0
           0            0            0            0            0            0            0            0            0 -1.45188e+07  1.81551e+09 -1.33152e+07
           0            0            0            0            0            0            0            0            0            0 -1.33152e+07  7.93415e+07
Weights:
     1.00014   0.00103006   0.00301721   -0.0172672  -0.00191127 -0.000415223  0.000353948  3.05146e-10  2.50769e-09 -4.53969e-08 -3.63492e-10 -6.10019e-11
  0.00103006  3.10141e-06   9.0845e-06 -5.19896e-05 -5.75463e-06 -1.25019e-06   1.0657e-06  9.18761e-13  7.55038e-12 -1.36685e-10 -1.09443e-12  -1.8367e-13
  0.00301721   9.0845e-06  0.000284282  -0.00162692 -0.000180081 -3.91224e-05  3.33491e-05  2.87509e-11  2.36275e-10 -4.27731e-09 -3.42483e-11 -5.74761e-12
  -0.0172672 -5.19896e-05  -0.00162692    0.0127176   0.00140768  0.000305818 -0.000260689 -2.24745e-10 -1.84696e-09  3.34356e-08  2.67718e-10  4.49289e-11
 -0.00191127 -5.75463e-06 -0.000180081   0.00140768  0.000235529  5.11684e-05 -4.36175e-05 -3.76035e-11 -3.09026e-10  5.59432e-09  4.47935e-11  7.51734e-12
-0.000415223 -1.25019e-06 -3.91224e-05  0.000305818  5.11684e-05  0.000649715 -0.000553837 -4.77474e-10 -3.92388e-09  7.10344e-08   5.6877e-10  9.54521e-11
 0.000353948   1.0657e-06  3.33491e-05 -0.000260689 -4.36175e-05 -0.000553837    0.0061412  5.29445e-09  4.35098e-08 -7.87662e-07 -6.30678e-09 -1.05842e-09
 3.05146e-10  9.18761e-13  2.87509e-11 -2.24745e-10 -3.76035e-11 -4.77474e-10  5.29445e-09  1.29081e-13  1.06079e-12 -1.92036e-11 -1.53763e-13 -2.58047e-14
 2.50769e-09  7.55038e-12  2.36275e-10 -1.84696e-09 -3.09026e-10 -3.92388e-09  4.35098e-08  1.06079e-12  4.09955e-10 -7.42145e-09 -5.94233e-11 -9.97254e-12
-4.53969e-08 -1.36685e-10 -4.27731e-09  3.34356e-08  5.59432e-09  7.10344e-08 -7.87662e-07 -1.92036e-11 -7.42145e-09  3.59731e-07  2.88036e-09  4.83387e-10
-3.63492e-10 -1.09443e-12 -3.42483e-11  2.67718e-10  4.47935e-11   5.6877e-10 -6.30678e-09 -1.53763e-13 -5.94233e-11  2.88036e-09  5.74551e-10  9.64223e-11
-6.10019e-11  -1.8367e-13 -5.74761e-12  4.49289e-11  7.51734e-12  9.54521e-11 -1.05842e-09 -2.58047e-14 -9.97254e-12  4.83387e-10  9.64223e-11  1.26199e-08
Weights Before Inversion:
     77.3215     -1672.03            0            0            0            0            0            0            0            0            0            0
    -1672.03       576951     -28059.1            0            0            0            0            0            0            0            0            0
           0     -28059.1      13127.4      20823.1            0            0            0            0            0            0            0            0
           0            0      20823.1      43837.9     -4953.04            0            0            0            0            0            0            0
           0            0            0     -4953.04      3336.23       975.97            0            0            0            0            0            0
           0            0            0            0       975.97       8344.2     -2026.46            0            0            0            0            0
           0            0            0            0            0     -2026.46  6.91244e+06 -2.13933e+08            0            0            0            0
           0            0            0            0            0            0 -2.13933e+08  6.68813e+12 -3.89604e+10            0            0            0
           0            0            0            0            0            0            0 -3.89604e+10   3.6951e+09  6.73206e+09            0            0
           0            0            0            0            0            0            0            0  6.73206e+09  1.58358e+10 -1.84241e+08            0
           0            0            0            0            0            0            0            0            0 -1.84241e+08  2.11732e+08   4.9928e+07
           0            0            0            0            0            0            0            0            0            0   4.9928e+07  1.74845e+09
Weights:
   0.0145049  7.26895e-05  0.000630301 -0.000299409 -1.35014e-07  6.22877e-09  2.20426e-15  1.07479e-23  1.83252e-21 -2.42493e-22 -8.98544e-21  3.10462e-23
 7.26895e-05  3.36146e-06  2.91477e-05 -1.38459e-05 -6.24362e-09  2.88044e-10  1.01934e-16  4.97025e-25   8.4743e-23 -1.12139e-23 -4.15523e-22   1.4357e-24
 0.000630301  2.91477e-05  0.000561775 -0.000266858 -1.20336e-07  5.55159e-09  1.96462e-15  9.57937e-24  1.63329e-21  -2.1613e-22 -8.00856e-21  2.76709e-23
-0.000299409 -1.38459e-05 -0.000266858  0.000149577  6.74497e-08 -3.11173e-09 -1.10119e-15 -5.36935e-24 -9.15477e-22  1.21143e-22  4.48889e-21 -1.55099e-23
-1.35014e-07 -6.24362e-09 -1.20336e-07  6.74497e-08  9.10727e-08 -4.20156e-09 -1.48686e-15 -7.24987e-24 -1.23611e-21  1.63572e-22  6.06104e-21 -2.09419e-23
 6.22877e-09  2.88044e-10  5.55159e-09 -3.11173e-09 -4.20156e-09  1.43625e-08  5.08266e-15  2.47828e-23  4.22548e-21  -5.5915e-22 -2.07189e-20  7.15875e-23
 2.20426e-15  1.01934e-16  1.96462e-15 -1.10119e-15 -1.48686e-15  5.08266e-15  2.09285e-14  1.02046e-22  1.73989e-20 -2.30236e-21 -8.53126e-20   2.9477e-22
 1.07479e-23  4.97025e-25  9.57937e-24 -5.36935e-24 -7.24987e-24  2.47828e-23  1.02046e-22  3.29724e-24  5.62181e-22 -7.43923e-23 -2.75656e-21  9.52439e-24
 1.83252e-21   8.4743e-23  1.63329e-21 -9.15477e-22 -1.23611e-21  4.22548e-21  1.73989e-20  5.62181e-22  9.65065e-20 -1.27705e-20 -4.73203e-19    1.635e-21
-2.42493e-22 -1.12139e-23  -2.1613e-22  1.21143e-22  1.63572e-22  -5.5915e-22 -2.30236e-21 -7.43923e-23 -1.27705e-20  7.00949e-21  2.59732e-19  -8.9742e-22
-8.98544e-21 -4.15523e-22 -8.00856e-21  4.48889e-21  6.06104e-21 -2.07189e-20 -8.53126e-20 -2.75656e-21 -4.73203e-19  2.59732e-19  2.23244e-17 -7.71348e-20
 3.10462e-23   1.4357e-24  2.76709e-23 -1.55099e-23 -2.09419e-23  7.15875e-23   2.9477e-22  9.52439e-24    1.635e-21  -8.9742e-22 -7.71348e-20   3.2711e-19
Weights Before Inversion:
     26588.8     -74885.7            0            0            0            0            0            0            0            0            0            0
    -74885.7       630164      18579.1            0            0            0            0            0            0            0            0            0
           0      18579.1      7739.93      4833.15            0            0            0            0            0            0            0            0
           0            0      4833.15       516842     -732.713            0            0            0            0            0            0            0
           0            0            0     -732.713       53.839      118.887            0            0            0            0            0            0
           0            0            0            0      118.887      13340.8      -373648            0            0            0            0            0
           0            0            0            0            0      -373648  3.36304e+09 -2.18413e+10            0            0            0            0
           0            0            0            0            0            0 -2.18413e+10  2.00981e+12  1.15698e+09            0            0            0
           0            0            0            0            0            0            0  1.15698e+09  6.22304e+08  9.33847e+09            0            0
           0            0            0            0            0            0            0            0  9.33847e+09  3.76467e+12 -8.28522e+07            0
           0            0            0            0            0            0            0            0            0 -8.28522e+07  3.84943e+06  8.95918e+06
           0            0            0            0            0            0            0            0            0            0  8.95918e+06  3.86147e+09
Weights:
 5.87972e-05  7.52277e-06  -1.8166e-05  1.73286e-07  2.40582e-06 -2.15116e-08 -2.57175e-12 -2.79791e-14  5.40308e-14  -1.3409e-16 -2.90172e-15  6.73241e-18
 7.52277e-06  2.67102e-06    -6.45e-06  6.15268e-08  8.54206e-07 -7.63789e-09 -9.13121e-13 -9.93423e-15  1.91841e-14 -4.76098e-17 -1.03028e-15   2.3904e-18
 -1.8166e-05    -6.45e-06   0.00014555 -1.38841e-06 -1.92759e-05  1.72356e-07  2.06054e-11  2.24175e-13 -4.32906e-13  1.07436e-15  2.32492e-14 -5.39415e-17
 1.73286e-07  6.15268e-08 -1.38841e-06  1.98692e-06  2.75853e-05 -2.46654e-07 -2.94879e-11 -3.20811e-13  6.19521e-13 -1.53749e-15 -3.32714e-14  7.71944e-17
 2.40582e-06  8.54206e-07 -1.92759e-05  2.75853e-05     0.019331 -0.000172848 -2.06643e-08 -2.24815e-10  4.34143e-10 -1.07743e-12 -2.33156e-11  5.40957e-14
-2.15116e-08 -7.63789e-09  1.72356e-07 -2.46654e-07 -0.000172848  7.67556e-05  9.17624e-09  9.98322e-11 -1.92787e-10  4.78446e-13  1.03536e-11 -2.40219e-14
-2.57175e-12 -9.13121e-13  2.06054e-11 -2.94879e-11 -2.06643e-08  9.17624e-09  3.21054e-10  3.49288e-12 -6.74515e-12  1.67397e-14  3.62248e-13 -8.40467e-16
-2.79791e-14 -9.93423e-15  2.24175e-13 -3.20811e-13 -2.24815e-10  9.98322e-11  3.49288e-12  5.36113e-13 -1.03529e-12  2.56933e-15  5.56004e-14 -1.29001e-16
 5.40308e-14  1.91841e-14 -4.32906e-13  6.19521e-13  4.34143e-10 -1.92787e-10 -6.74515e-12 -1.03529e-12  1.67109e-09  -4.1472e-12 -8.97458e-11  2.08223e-13
 -1.3409e-16 -4.76098e-17  1.07436e-15 -1.53749e-15 -1.07743e-12  4.78446e-13  1.67397e-14  2.56933e-15  -4.1472e-12  2.76046e-13  5.97366e-12 -1.38598e-14
-2.90172e-15 -1.03028e-15  2.32492e-14 -3.32714e-14 -2.33156e-11  1.03536e-11  3.62248e-13  5.56004e-14 -8.97458e-11  5.97366e-12  2.61318e-07 -6.06296e-10
 6.73241e-18   2.3904e-18 -5.39415e-17  7.71944e-17  5.40957e-14 -2.40219e-14 -8.40467e-16 -1.29001e-16  2.08223e-13 -1.38598e-14 -6.06296e-10  2.60375e-10
Weights Before Inversion:
     21868.9     -34564.6            0            0            0            0            0            0            0            0            0            0
    -34564.6       195759      13535.5            0            0            0            0            0            0            0            0            0
           0      13535.5      3096.09     -3804.47            0            0            0            0            0            0            0            0
           0            0     -3804.47       524363     -416.462            0            0            0            0            0            0            0
           0            0            0     -416.462      21.1794      61.9261            0            0            0            0            0            0
           0            0            0            0      61.9261      13487.3      -576036            0            0            0            0            0
           0            0            0            0            0      -576036  3.27173e+09 -7.40442e+09            0            0            0            0
           0            0            0            0            0            0 -7.40442e+09  4.11128e+11  1.90589e+09            0            0            0
           0            0            0            0            0            0            0  1.90589e+09  9.65416e+07  6.08321e+07            0            0
           0            0            0            0            0            0            0            0  6.08321e+07  6.93209e+12 -8.16902e+07            0
           0            0            0            0            0            0            0            0            0 -8.16902e+07  1.34542e+06   5.4772e+06
           0            0            0            0            0            0            0            0            0            0   5.4772e+06   3.9584e+09
Weights:
 7.64111e-05  1.94138e-05 -8.56496e-05 -6.31419e-07 -1.25862e-05  5.82473e-08   1.0737e-11  2.12853e-13  -4.2021e-12  3.69019e-17  2.25327e-15 -3.11783e-18
 1.94138e-05  1.22831e-05 -5.41903e-05 -3.99498e-07 -7.96328e-06  3.68529e-08  6.79328e-12  1.34672e-13 -2.65866e-12  2.33477e-17  1.42564e-15 -1.97265e-18
-8.56496e-05 -5.41903e-05  0.000565017  4.16538e-06  8.30295e-05 -3.84248e-07 -7.08303e-11 -1.40416e-12  2.77206e-11 -2.43436e-16 -1.48645e-14  2.05679e-17
-6.31419e-07 -3.99498e-07  4.16538e-06  1.96846e-06  3.92378e-05 -1.81587e-07 -3.34728e-11 -6.63574e-13  1.31001e-11 -1.15042e-16 -7.02462e-15  9.71989e-18
-1.25862e-05 -7.96328e-06  8.30295e-05  3.92378e-05    0.0486455 -0.000225124 -4.14982e-08 -8.22673e-10   1.6241e-08 -1.42625e-13 -8.70885e-12  1.20503e-14
 5.82473e-08  3.68529e-08 -3.84248e-07 -1.81587e-07 -0.000225124  7.57738e-05  1.39677e-08    2.769e-10 -5.46651e-09  4.80056e-14  2.93128e-12 -4.05598e-15
  1.0737e-11  6.79328e-12 -7.08303e-11 -3.34728e-11 -4.14982e-08  1.39677e-08   3.2258e-10  6.39493e-12 -1.26247e-10  1.10867e-15   6.7697e-14 -9.36716e-17
 2.12853e-13  1.34672e-13 -1.40416e-12 -6.63574e-13 -8.22673e-10    2.769e-10  6.39493e-12  2.80413e-12 -5.53585e-11  4.86145e-16  2.96847e-14 -4.10743e-17
 -4.2021e-12 -2.65866e-12  2.77206e-11  1.31001e-11   1.6241e-08 -5.46651e-09 -1.26247e-10 -5.53585e-11  1.14512e-08 -1.00561e-13 -6.14041e-12  8.49642e-15
 3.69019e-17  2.33477e-17 -2.43436e-16 -1.15042e-16 -1.42625e-13  4.80056e-14  1.10867e-15  4.86145e-16 -1.00561e-13  1.44361e-13  8.81489e-12 -1.21971e-14
 2.25327e-15  1.42564e-15 -1.48645e-14 -7.02462e-15 -8.70885e-12  2.93128e-12   6.7697e-14  2.96847e-14 -6.14041e-12  8.81489e-12  7.48012e-07 -1.03502e-09
-3.11783e-18 -1.97265e-18  2.05679e-17  9.71989e-18  1.20503e-14 -4.05598e-15 -9.36716e-17 -4.10743e-17  8.49642e-15 -1.21971e-14 -1.03502e-09  2.54059e-10
Weights Before Inversion:
     16095.8       -12388            0            0            0            0            0            0            0            0            0            0
      -12388      68071.1      4269.06            0            0            0            0            0            0            0            0            0
           0      4269.06      1059.13     -2374.46            0            0            0            0            0            0            0            0
           0            0     -2374.46       525344     -359.527            0            0            0            0            0            0            0
           0            0            0     -359.527      17.8014      52.7137            0            0            0            0            0            0
           0            0            0            0      52.7137      13509.1      -548877            0            0            0            0            0
           0            0            0            0            0      -548877  3.06655e+09 -2.43505e+09            0            0            0            0
           0            0            0            0            0            0 -2.43505e+09  1.33977e+11  5.34899e+08            0            0            0
           0            0            0            0            0            0            0  5.34899e+08  2.03591e+07 -3.67564e+08            0            0
           0            0            0            0            0            0            0            0 -3.67564e+08  8.03195e+12 -8.40372e+07            0
           0            0            0            0            0            0            0            0            0 -8.40372e+07  1.11286e+06  4.97476e+06
           0            0            0            0            0            0            0            0            0            0  4.97476e+06  3.97342e+09
Weights:
 7.65222e-05  1.87028e-05 -7.61685e-05 -3.49151e-07 -7.13469e-06  2.80474e-08  5.10243e-12  1.03615e-13 -2.72455e-12 -1.24782e-16 -9.47584e-15  1.18638e-17
 1.87028e-05  2.43008e-05 -9.89667e-05 -4.53657e-07  -9.2702e-06  3.64424e-08  6.62965e-12  1.34628e-13 -3.54004e-12 -1.62131e-16 -1.23121e-14  1.54148e-17
-7.61685e-05 -9.89667e-05   0.00135702  6.22049e-06  0.000127112 -4.99694e-07 -9.09051e-11   -1.846e-12  4.85407e-11  2.22312e-15  1.68822e-13 -2.11367e-16
-3.49151e-07 -4.53657e-07  6.22049e-06  1.95903e-06  4.00315e-05 -1.57369e-07 -2.86289e-11 -5.81364e-13   1.5287e-11  7.00129e-16  5.31674e-14  -6.6566e-17
-7.13469e-06  -9.2702e-06  0.000127112  4.00315e-05    0.0576549 -0.000226649 -4.12323e-08 -8.37303e-10  2.20169e-08  1.00835e-12  7.65736e-11 -9.58708e-14
 2.80474e-08  3.64424e-08 -4.99694e-07 -1.57369e-07 -0.000226649  7.54661e-05  1.37289e-08  2.78792e-10 -7.33084e-09 -3.35746e-13 -2.54963e-11  3.19216e-14
 5.10243e-12  6.62965e-12 -9.09051e-11 -2.86289e-11 -4.12323e-08  1.37289e-08  3.33941e-10  6.78132e-12 -1.78315e-10 -8.16665e-15  -6.2017e-13  7.76458e-16
 1.03615e-13  1.34628e-13   -1.846e-12 -5.81364e-13 -8.37303e-10  2.78792e-10  6.78132e-12  8.47716e-12 -2.22907e-10 -1.02089e-14 -7.75259e-13  9.70631e-16
-2.72455e-12 -3.54004e-12  4.85407e-11   1.5287e-11  2.20169e-08 -7.33084e-09 -1.78315e-10 -2.22907e-10  5.50202e-08  2.51987e-12  1.91358e-10 -2.39581e-13
-1.24782e-16 -1.62131e-16  2.22312e-15  7.00129e-16  1.00835e-12 -3.35746e-13 -8.16665e-15 -1.02089e-14  2.51987e-12  1.24717e-13  9.47094e-12 -1.18577e-14
-9.47584e-15 -1.23121e-14  1.68822e-13  5.31674e-14  7.65736e-11 -2.54963e-11  -6.2017e-13 -7.75259e-13  1.91358e-10  9.47094e-12  9.04359e-07 -1.13226e-09
 1.18638e-17  1.54148e-17 -2.11367e-16  -6.6566e-17 -9.58708e-14  3.19216e-14  7.76458e-16  9.70631e-16 -2.39581e-13 -1.18577e-14 -1.13226e-09   2.5309e-10
New PBMAT:
0.0782295  0.104089  0.974742  0.168008  0.140233  0.172909  0.296126

GBMAT after targeted PSO:
        0.1         0.1        0.95        0.17        0.05        0.18 1.18923e+09
        0.1         0.1        0.95        0.17        0.05        0.18 1.18923e+09
        0.1         0.1        0.95        0.17        0.05        0.18  0.00214048
        0.1         0.1        0.95        0.17        0.05        0.18  0.00214048
truk:  0.1  0.1 0.95 0.17 0.05 0.18 with trukCost with new weights:0.00214048
CODE FINISHED RUNNING IN 218 s TIME!
Job Statistics for 2351594:
           JobID       User               Start                 End    Elapsed     MaxRSS   TotalCPU      State Exit        NodeList                                  ReqTRES 
---------------- ---------- ------------------- ------------------- ---------- ---------- ---------- ---------- ---- --------------- ---------------------------------------- 
         2351594   rsjxw007 2021-11-18T12:31:09 2021-11-18T12:34:48   00:03:39             03:39.295  COMPLETED  0:0   r1pl-hpcf-n28     billing=30,cpu=30,mem=234360M,node=1 
   2351594.batch            2021-11-18T12:31:09 2021-11-18T12:34:48   00:03:39     14.01M  03:39.293  COMPLETED  0:0   r1pl-hpcf-n28                                          
  2351594.extern            2021-11-18T12:31:09 2021-11-18T12:34:48   00:03:39          0  00:00.001  COMPLETED  0:0   r1pl-hpcf-n28                                          
CPU Efficiency: 3.33% of 01:49:30 core-walltime
