USING NONMIXED MOMENTS!!
USING ONLY MEANS!
nRuns:1
Using two part PSO Sample Size:5000 with:6 moments.
Using Times:0.5   2  10  20  30
Bounds for Uniform Distribution (0,1)
Blind PSO --> nParts:1 Nsteps:1
Targeted PSO --> nParts:1 Nsteps:1
sdbeta:0.1
Reading in data!
Using starting row of data:0 and 5000 data pts!
first row X0:260.559 2143.24 4.86708 4.95832 65.2493 4.94309
final row X0:123.826 1849.08 5.06107  6.0168   161.9  5.1619



Loading in Truk!
Calculating Yt!
truk cost:1338.23
XtmVec:1.37912 1764.79  209.23 14.3126  119.13  90.372
XtmVec:1.90806 1510.18 208.701 167.017 16.7024   192.8
XtmVec: 75.3273  495.564  135.282   1238.9 0.544968  208.957
XtmVec:  152.32  117.445   58.289  1693.76 0.292279   209.21
XtmVec: 166.692  40.5461  43.9171  1784.99 0.258854  209.244
seedk: 0.1  0.1 0.95 0.17 0.05 0.18| cost:1338.23
PSO begins!
current: 0.1  0.1 0.95 0.17 0.05 0.18 1338.23
GBMAT from blind PSO:

    0.1     0.1    0.95    0.17    0.05    0.18 1338.23
    0.1     0.1    0.95    0.17    0.05    0.18 1338.23

truk:  0.1  0.1 0.95 0.17 0.05 0.18
total difference b/w truk and final GBVEC0

blind PSO FINISHED RUNNING IN 29 s TIME!
targeted PSO has started!
Updating Weight Matrix!
GBVEC AND COST:    0.1     0.1    0.95    0.17    0.05    0.18 1338.23
Weights Before Inversion:
 1.41372 -501.486        0        0        0        0
-501.486   529600 -10371.4        0        0        0
       0 -10371.4  13094.3  1605.15        0        0
       0        0  1605.15  431.552 -1340.91        0
       0        0        0 -1340.91  12369.8 -290.145
       0        0        0        0 -290.145  1663.22
Weights:
     1.09417   0.00109047   0.00277682   -0.0156067  -0.00169874 -0.000296341
  0.00109047   3.0741e-06  7.82803e-06 -4.39961e-05 -4.78885e-06 -8.35403e-07
  0.00277682  7.82803e-06  0.000265461  -0.00149198 -0.000162397 -2.83298e-05
  -0.0156067 -4.39961e-05  -0.00149198    0.0118868   0.00129385  0.000225708
 -0.00169874 -4.78885e-06 -0.000162397   0.00129385  0.000222006  3.87283e-05
-0.000296341 -8.35403e-07 -2.83298e-05  0.000225708  3.87283e-05  0.000607999
Weights Before Inversion:
 51.2297 -1563.84        0        0        0        0
-1563.84   579898 -26647.6        0        0        0
       0 -26647.6  12759.9  20119.6        0        0
       0        0  20119.6  42168.1 -4743.24        0
       0        0        0 -4743.24  3482.06  907.652
       0        0        0        0  907.652  8155.42
Weights:
    0.10696  0.00286444    0.056058  -0.0317583  -0.0445535  0.00495855
 0.00286444 9.38358e-05   0.0018364 -0.00104037 -0.00145952 0.000162437
   0.056058   0.0018364   0.0366733  -0.0207764  -0.0291471   0.0032439
 -0.0317583 -0.00104037  -0.0207764   0.0117985   0.0165521 -0.00184215
 -0.0445535 -0.00145952  -0.0291471   0.0165521   0.0235166 -0.00261726
 0.00495855 0.000162437   0.0032439 -0.00184215 -0.00261726 0.000413904
Weights Before Inversion:
 25678.5 -74105.4        0        0        0        0
-74105.4   640089  18488.8        0        0        0
       0  18488.8  7722.56  5473.83        0        0
       0        0  5473.83   515954 -904.689        0
       0        0        0 -904.689  108.102  178.082
       0        0        0        0  178.082  12988.5
Weights:
 6.07665e-05  7.56214e-06 -1.82441e-05  1.96504e-07  1.68251e-06 -2.30684e-08
 7.56214e-06  2.62038e-06 -6.32182e-06  6.80913e-08  5.83013e-07 -7.99352e-09
-1.82441e-05 -6.32182e-06  0.000145739 -1.56973e-06 -1.34404e-05  1.84277e-07
 1.96504e-07  6.80913e-08 -1.56973e-06  1.98461e-06  1.69926e-05 -2.32981e-07
 1.68251e-06  5.83013e-07 -1.34404e-05  1.69926e-05   0.00960976 -0.000131757
-2.30684e-08 -7.99352e-09  1.84277e-07 -2.32981e-07 -0.000131757  7.87976e-05
Weights Before Inversion:
   21207 -35408.6        0        0        0        0
-35408.6   204741  14071.6        0        0        0
       0  14071.6  3106.49 -3952.91        0        0
       0        0 -3952.91   533656 -592.167        0
       0        0        0 -592.167  49.5034  115.514
       0        0        0        0  115.514  13172.2
Weights:
 8.14592e-05   2.0546e-05  -9.3966e-05 -7.05589e-07 -8.61667e-06  7.55641e-08
  2.0546e-05  1.23055e-05 -5.62784e-05 -4.22593e-07 -5.16072e-06   4.5257e-08
 -9.3966e-05 -5.62784e-05  0.000582398  4.37321e-06  5.34058e-05 -4.68343e-07
-7.05589e-07 -4.22593e-07  4.37321e-06  1.93245e-06  2.35991e-05 -2.06953e-07
-8.61667e-06 -5.16072e-06  5.34058e-05  2.35991e-05    0.0209108 -0.000183378
 7.55641e-08   4.5257e-08 -4.68343e-07 -2.06953e-07 -0.000183378  7.75253e-05
Weights Before Inversion:
 15677.2   -13340        0        0        0        0
  -13340  73025.9  4566.31        0        0        0
       0  4566.31  1078.14 -2204.12        0        0
       0        0 -2204.12   537336 -552.921        0
       0        0        0 -552.921   42.659  104.376
       0        0        0        0  104.376  13201.4
Weights:
 8.09574e-05  2.01789e-05 -8.61975e-05 -3.58452e-07 -4.73769e-06  3.74585e-08
 2.01789e-05  2.37142e-05 -0.000101299 -4.21253e-07 -5.56774e-06  4.40212e-08
-8.61975e-05 -0.000101299   0.00136819  5.68962e-06  7.52004e-05  -5.9457e-07
-3.58452e-07 -4.21253e-07  5.68962e-06  1.91035e-06  2.52493e-05 -1.99633e-07
-4.73769e-06 -5.56774e-06  7.52004e-05  2.52493e-05    0.0242379 -0.000191636
 3.74585e-08  4.40212e-08  -5.9457e-07 -1.99633e-07 -0.000191636  7.72649e-05
New PBMAT:
0.0796301 0.0401473  0.845686  0.177972 0.0375505  0.162174   11.3267

GBMAT after targeted PSO:
      0.1       0.1      0.95      0.17      0.05      0.18   1338.23
      0.1       0.1      0.95      0.17      0.05      0.18   1338.23
      0.1       0.1      0.95      0.17      0.05      0.18 0.0349055
      0.1       0.1      0.95      0.17      0.05      0.18 0.0349055
truk:  0.1  0.1 0.95 0.17 0.05 0.18 with trukCost with new weights:0.0349055
CODE FINISHED RUNNING IN 44 s TIME!
Job Statistics for 2353199:
           JobID       User               Start                 End    Elapsed     MaxRSS   TotalCPU      State Exit        NodeList                                  ReqTRES 
---------------- ---------- ------------------- ------------------- ---------- ---------- ---------- ---------- ---- --------------- ---------------------------------------- 
         2353199   rsjxw007 2021-11-19T18:54:23 2021-11-19T18:55:08   00:00:45             00:45.533  COMPLETED  0:0   r1pl-hpcf-n21     billing=30,cpu=30,mem=234360M,node=1 
   2353199.batch            2021-11-19T18:54:23 2021-11-19T18:55:08   00:00:45      6.25M  00:45.532  COMPLETED  0:0   r1pl-hpcf-n21                                          
  2353199.extern            2021-11-19T18:54:23 2021-11-19T18:55:08   00:00:45          0  00:00.001  COMPLETED  0:0   r1pl-hpcf-n21                                          
CPU Efficiency: 3.41% of 00:22:30 core-walltime
