0.101461,0.863331,0.559468,0.0326014,0.162938,0.166063,29.8695
0.101461,0.863331,0.559468,0.0326014,0.162938,0.166063,29.8695
0.925037,0.571256,0.862885,0.796992,0.734897,0.125772,2.58285
0.925037,0.571256,0.862885,0.796992,0.734897,0.125772,2.58285
0.123816,0.184684,0.862885,0.796992,0.193202,0.125772,0.756794
0.123816,0.184684,0.862885,0.796992,0.193202,0.125772,0.756794
0.123816,0.184684,0.862885,0.796992,0.193202,0.125772,0.756794
0.123816,0.184684,0.862885,0.796992,0.193202,0.125772,0.756794
0.123816,0.184684,0.862885,0.796992,0.193202,0.125772,0.756794
0.123816,0.184684,0.862885,0.796992,0.193202,0.125772,0.756794
0.123816,0.184684,0.862885,0.796992,0.193202,0.125772,0.756794
0.123816,0.184684,0.862885,0.796992,0.193202,0.125772,0.756794
0.123816,0.184684,0.862885,0.796992,0.193202,0.125772,0.756794
0.123816,0.184684,0.862885,0.796992,0.193202,0.125772,0.756794
0.123816,0.184684,0.862885,0.796992,0.193202,0.125772,0.756794
0.123816,0.184684,0.862885,0.796992,0.193202,0.125772,0.756794
0.086852,0.273773,0.881688,0.742456,0.368601,0.167637,0.733248
0.143857,0.924015,0.855141,0.670348,0.874446,0.152032,0.593149
0.0823488,0.077021,0.927827,0.66873,0.646185,0.140196,0.56587
0.189591,0.660581,0.877031,0.634665,0.559376,0.148467,0.535407
0.129369,0.292251,0.916038,0.741054,0.288248,0.157068,0.443386
0.129369,0.292251,0.916038,0.741054,0.288248,0.157068,0.443386
0.129369,0.292251,0.916038,0.741054,0.288248,0.157068,0.443386
0.0866564,0.0254453,0.868586,0.647395,0.706076,0.143114,0.42294
0.113928,0.203362,0.915894,0.631777,0.782224,0.17101,0.301368
0.113928,0.203362,0.915894,0.631777,0.782224,0.17101,0.301368
0.113928,0.203362,0.915894,0.631777,0.782224,0.17101,0.301368
0.113928,0.203362,0.915894,0.631777,0.782224,0.17101,0.301368
0.113928,0.203362,0.915894,0.631777,0.782224,0.17101,0.301368
0.113928,0.203362,0.915894,0.631777,0.782224,0.17101,0.301368
0.113928,0.203362,0.915894,0.631777,0.782224,0.17101,0.301368
0.113928,0.203362,0.915894,0.631777,0.782224,0.17101,0.301368
0.113928,0.203362,0.915894,0.631777,0.782224,0.17101,0.301368
0.113928,0.203362,0.915894,0.631777,0.782224,0.17101,0.301368
0.113928,0.203362,0.915894,0.631777,0.782224,0.17101,0.301368
0.113928,0.203362,0.915894,0.631777,0.782224,0.17101,0.301368
0.113928,0.203362,0.915894,0.631777,0.782224,0.17101,0.301368
0.113928,0.203362,0.915894,0.631777,0.782224,0.17101,0.301368
0.113928,0.203362,0.915894,0.631777,0.782224,0.17101,0.301368
0.113928,0.203362,0.915894,0.631777,0.782224,0.17101,0.301368
0.113928,0.203362,0.915894,0.631777,0.782224,0.17101,0.301368
0.113928,0.203362,0.915894,0.631777,0.782224,0.17101,0.301368
0.113928,0.203362,0.915894,0.631777,0.782224,0.17101,0.301368
0.118728,0.18413,0.925619,0.673327,0.954781,0.167897,0.296451
0.118728,0.18413,0.925619,0.673327,0.954781,0.167897,0.296451
0.118728,0.18413,0.925619,0.673327,0.954781,0.167897,0.296451
0.118728,0.18413,0.925619,0.673327,0.954781,0.167897,0.296451
0.118728,0.18413,0.925619,0.673327,0.954781,0.167897,0.296451
0.118728,0.18413,0.925619,0.673327,0.954781,0.167897,0.296451
0.118728,0.18413,0.925619,0.673327,0.954781,0.167897,0.296451
0.118728,0.18413,0.925619,0.673327,0.954781,0.167897,0.296451
0.118728,0.18413,0.925619,0.673327,0.954781,0.167897,0.296451
0.118728,0.18413,0.925619,0.673327,0.954781,0.167897,0.296451
0.118728,0.18413,0.925619,0.673327,0.954781,0.167897,0.296451
0.118728,0.18413,0.925619,0.673327,0.954781,0.167897,0.296451
0.118728,0.18413,0.925619,0.673327,0.954781,0.167897,0.296451
0.118728,0.18413,0.925619,0.673327,0.954781,0.167897,0.296451
0.118728,0.18413,0.925619,0.673327,0.954781,0.167897,0.296451
0.177392,0.836045,0.920867,0.714924,0.994725,0.168881,0.293589
0.177392,0.836045,0.920867,0.714924,0.994725,0.168881,0.293589
0.177392,0.836045,0.920867,0.714924,0.994725,0.168881,0.293589
0.177392,0.836045,0.920867,0.714924,0.994725,0.168881,0.293589
0.177392,0.836045,0.920867,0.714924,0.994725,0.168881,0.293589
0.177392,0.836045,0.920867,0.714924,0.994725,0.168881,0.293589
0.177392,0.836045,0.920867,0.714924,0.994725,0.168881,0.293589
0.177392,0.836045,0.920867,0.714924,0.994725,0.168881,0.293589
0.177392,0.836045,0.920867,0.714924,0.994725,0.168881,0.293589
0.177392,0.836045,0.920867,0.714924,0.994725,0.168881,0.293589
0.177392,0.836045,0.920867,0.714924,0.994725,0.168881,0.293589
0.177392,0.836045,0.920867,0.714924,0.994725,0.168881,0.293589
0.177392,0.836045,0.920867,0.714924,0.994725,0.168881,0.293589
0.177392,0.836045,0.920867,0.714924,0.994725,0.168881,0.293589
0.177392,0.836045,0.920867,0.714924,0.994725,0.168881,0.293589
0.177392,0.836045,0.920867,0.714924,0.994725,0.168881,0.293589
0.177392,0.836045,0.920867,0.714924,0.994725,0.168881,0.293589
0.177392,0.836045,0.920867,0.714924,0.994725,0.168881,0.293589
0.177392,0.836045,0.920867,0.714924,0.994725,0.168881,0.293589
0.140583,0.552354,0.939741,0.677747,0.778641,0.165626,0.292084
0.140583,0.478906,0.939741,0.665388,0.838665,0.163895,0.288062
0.140583,0.478906,0.939741,0.665388,0.838665,0.163895,0.288062
0.140583,0.478906,0.939741,0.665388,0.838665,0.163895,0.288062
0.140583,0.478906,0.939741,0.665388,0.838665,0.163895,0.288062
0.140583,0.478906,0.939741,0.665388,0.838665,0.163895,0.288062
0.140583,0.478906,0.939741,0.665388,0.838665,0.163895,0.288062
0.140583,0.478906,0.939741,0.665388,0.838665,0.163895,0.288062
0.140583,0.478906,0.939741,0.665388,0.838665,0.163895,0.288062
0.140583,0.478906,0.939741,0.665388,0.838665,0.163895,0.288062
0.140583,0.478906,0.939741,0.665388,0.838665,0.163895,0.288062
0.140583,0.478906,0.939741,0.665388,0.838665,0.163895,0.288062
0.140583,0.478906,0.939741,0.665388,0.838665,0.163895,0.288062
0.140583,0.478906,0.939741,0.665388,0.838665,0.163895,0.288062
0.140583,0.478906,0.939741,0.665388,0.838665,0.163895,0.288062
0.140583,0.478906,0.939741,0.665388,0.838665,0.163895,0.288062
0.102451,0.103947,0.933969,0.671423,0.730326,0.171479,0.284671
0.102451,0.103947,0.933969,0.671423,0.730326,0.171479,0.284671
0.102451,0.103947,0.933969,0.671423,0.730326,0.171479,0.284671
0.102451,0.103947,0.933969,0.671423,0.730326,0.171479,0.284671
0.102451,0.103947,0.933969,0.671423,0.730326,0.171479,0.284671
0.102451,0.103947,0.933969,0.671423,0.730326,0.171479,0.284671
0.102451,0.103947,0.933969,0.671423,0.730326,0.171479,0.284671
0.101141,0.120426,0.936232,0.669147,0.728986,0.173075,0.280183
0.101141,0.120426,0.936232,0.669147,0.728986,0.173075,0.280183
0.101141,0.120426,0.936232,0.669147,0.728986,0.173075,0.280183
0.101141,0.120426,0.936232,0.669147,0.728986,0.173075,0.280183
0.15505,0.694549,0.938209,0.672255,0.861686,0.175715,0.267284
0.15505,0.694549,0.938209,0.672255,0.861686,0.175715,0.267284
0.15505,0.694549,0.938209,0.672255,0.861686,0.175715,0.267284
0.15505,0.694549,0.938209,0.672255,0.861686,0.175715,0.267284
0.15505,0.694549,0.938209,0.672255,0.861686,0.175715,0.267284
0.15505,0.694549,0.938209,0.672255,0.861686,0.175715,0.267284
0.15505,0.694549,0.938209,0.672255,0.861686,0.175715,0.267284
0.15505,0.694549,0.938209,0.672255,0.861686,0.175715,0.267284
0.15505,0.694549,0.938209,0.672255,0.861686,0.175715,0.267284
0.15505,0.694549,0.938209,0.672255,0.861686,0.175715,0.267284
0.15505,0.694549,0.938209,0.672255,0.861686,0.175715,0.267284
0.15505,0.694549,0.938209,0.672255,0.861686,0.175715,0.267284
0.15505,0.694549,0.938209,0.672255,0.861686,0.175715,0.267284
0.15505,0.694549,0.938209,0.672255,0.861686,0.175715,0.267284
0.15505,0.694549,0.938209,0.672255,0.861686,0.175715,0.267284
0.135199,0.524937,0.944655,0.621227,0.676234,0.175717,0.265757
0.135199,0.524937,0.944655,0.621227,0.676234,0.175717,0.265757
0.135199,0.524937,0.944655,0.621227,0.676234,0.175717,0.265757
0.135199,0.524937,0.944655,0.621227,0.676234,0.175717,0.265757
0.135199,0.524937,0.944655,0.621227,0.676234,0.175717,0.265757
0.135199,0.524937,0.944655,0.621227,0.676234,0.175717,0.265757
0.136717,0.550996,0.950702,0.626872,0.998702,0.172653,0.243123
0.136717,0.550996,0.950702,0.626872,0.998702,0.172653,0.243123
0.136717,0.550996,0.950702,0.626872,0.998702,0.172653,0.243123
0.136717,0.550996,0.950702,0.626872,0.998702,0.172653,0.243123
0.136717,0.550996,0.950702,0.626872,0.998702,0.172653,0.243123
0.136717,0.550996,0.950702,0.626872,0.998702,0.172653,0.243123
0.136717,0.550996,0.950702,0.626872,0.998702,0.172653,0.243123
0.136717,0.550996,0.950702,0.626872,0.998702,0.172653,0.243123
0.136717,0.550996,0.950702,0.626872,0.998702,0.172653,0.243123
0.136717,0.550996,0.950702,0.626872,0.998702,0.172653,0.243123
0.136717,0.550996,0.950702,0.626872,0.998702,0.172653,0.243123
0.136717,0.550996,0.950702,0.626872,0.998702,0.172653,0.243123
0.136717,0.550996,0.950702,0.626872,0.998702,0.172653,0.243123
0.136717,0.550996,0.950702,0.626872,0.998702,0.172653,0.243123
0.136717,0.550996,0.950702,0.626872,0.998702,0.172653,0.243123
0.136717,0.550996,0.950702,0.626872,0.998702,0.172653,0.243123
0.136717,0.550996,0.950702,0.626872,0.998702,0.172653,0.243123
0.136717,0.550996,0.950702,0.626872,0.998702,0.172653,0.243123
0.136717,0.550996,0.950702,0.626872,0.998702,0.172653,0.243123
0.136717,0.550996,0.950702,0.626872,0.998702,0.172653,0.243123
0.136717,0.550996,0.950702,0.626872,0.998702,0.172653,0.243123
0.136717,0.550996,0.950702,0.626872,0.998702,0.172653,0.243123
0.136717,0.550996,0.950702,0.626872,0.998702,0.172653,0.243123
0.136717,0.550996,0.950702,0.626872,0.998702,0.172653,0.243123
0.136717,0.550996,0.950702,0.626872,0.998702,0.172653,0.243123
0.136717,0.550996,0.950702,0.626872,0.998702,0.172653,0.243123
0.136717,0.550996,0.950702,0.626872,0.998702,0.172653,0.243123
0.136717,0.550996,0.950702,0.626872,0.998702,0.172653,0.243123
0.136717,0.550996,0.950702,0.626872,0.998702,0.172653,0.243123
0.136717,0.550996,0.950702,0.626872,0.998702,0.172653,0.243123
0.136717,0.550996,0.950702,0.626872,0.998702,0.172653,0.243123
0.136717,0.550996,0.950702,0.626872,0.998702,0.172653,0.243123
0.146314,0.555788,0.950195,0.625258,0.995255,0.171627,0.236272
0.146314,0.555788,0.950195,0.625258,0.995255,0.171627,0.236272
0.146314,0.555788,0.950195,0.625258,0.995255,0.171627,0.236272
0.146314,0.555788,0.950195,0.625258,0.995255,0.171627,0.236272
0.146314,0.555788,0.950195,0.625258,0.995255,0.171627,0.236272
0.146314,0.555788,0.950195,0.625258,0.995255,0.171627,0.236272
0.146314,0.555788,0.950195,0.625258,0.995255,0.171627,0.236272
0.146314,0.555788,0.950195,0.625258,0.995255,0.171627,0.236272
0.146314,0.555788,0.950195,0.625258,0.995255,0.171627,0.236272
0.146314,0.555788,0.950195,0.625258,0.995255,0.171627,0.236272
0.146314,0.555788,0.950195,0.625258,0.995255,0.171627,0.236272
0.146314,0.555788,0.950195,0.625258,0.995255,0.171627,0.236272
0.146314,0.555788,0.950195,0.625258,0.995255,0.171627,0.236272
0.146314,0.555788,0.950195,0.625258,0.995255,0.171627,0.236272
0.146314,0.555788,0.950195,0.625258,0.995255,0.171627,0.236272
0.146314,0.555788,0.950195,0.625258,0.995255,0.171627,0.236272
0.146314,0.555788,0.950195,0.625258,0.995255,0.171627,0.236272
0.146314,0.555788,0.950195,0.625258,0.995255,0.171627,0.236272
0.146314,0.555788,0.950195,0.625258,0.995255,0.171627,0.236272
0.146314,0.555788,0.950195,0.625258,0.995255,0.171627,0.236272
0.146314,0.555788,0.950195,0.625258,0.995255,0.171627,0.236272
0.146314,0.555788,0.950195,0.625258,0.995255,0.171627,0.236272
0.146314,0.555788,0.950195,0.625258,0.995255,0.171627,0.236272
0.146314,0.555788,0.950195,0.625258,0.995255,0.171627,0.236272
0.146314,0.555788,0.950195,0.625258,0.995255,0.171627,0.236272
0.146314,0.555788,0.950195,0.625258,0.995255,0.171627,0.236272
0.146314,0.555788,0.950195,0.625258,0.995255,0.171627,0.236272
0.146314,0.555788,0.950195,0.625258,0.995255,0.171627,0.236272
0.146314,0.555788,0.950195,0.625258,0.995255,0.171627,0.236272
0.146314,0.555788,0.950195,0.625258,0.995255,0.171627,0.236272
0.146314,0.555788,0.950195,0.625258,0.995255,0.171627,0.236272
0.146314,0.555788,0.950195,0.625258,0.995255,0.171627,0.236272
0.146314,0.555788,0.950195,0.625258,0.995255,0.171627,0.236272
0.146314,0.555788,0.950195,0.625258,0.995255,0.171627,0.236272
0.146314,0.555788,0.950195,0.625258,0.995255,0.171627,0.236272
0.146314,0.555788,0.950195,0.625258,0.995255,0.171627,0.236272
0.146314,0.555788,0.950195,0.625258,0.995255,0.171627,0.236272
0.146314,0.555788,0.950195,0.625258,0.995255,0.171627,0.236272
0.146314,0.555788,0.950195,0.625258,0.995255,0.171627,0.236272
0.146314,0.555788,0.950195,0.625258,0.995255,0.171627,0.236272
0.146314,0.555788,0.950195,0.625258,0.995255,0.171627,0.236272
0.146314,0.555788,0.950195,0.625258,0.995255,0.171627,0.236272
0.146314,0.555788,0.950195,0.625258,0.995255,0.171627,0.236272
0.146314,0.555788,0.950195,0.625258,0.995255,0.171627,0.236272
0.146314,0.555788,0.950195,0.625258,0.995255,0.171627,0.236272
0.146314,0.555788,0.950195,0.625258,0.995255,0.171627,0.236272
0.146314,0.555788,0.950195,0.625258,0.995255,0.171627,0.236272
0.146314,0.555788,0.950195,0.625258,0.995255,0.171627,0.236272
0.146314,0.555788,0.950195,0.625258,0.995255,0.171627,0.236272
0.146314,0.555788,0.950195,0.625258,0.995255,0.171627,0.236272
0.146314,0.555788,0.950195,0.625258,0.995255,0.171627,0.236272
0.146314,0.555788,0.950195,0.625258,0.995255,0.171627,0.236272
0.146314,0.555788,0.950195,0.625258,0.995255,0.171627,0.236272
0.146314,0.555788,0.950195,0.625258,0.995255,0.171627,0.236272
0.146314,0.555788,0.950195,0.625258,0.995255,0.171627,0.236272
0.146314,0.555788,0.950195,0.625258,0.995255,0.171627,0.236272
0.146314,0.555788,0.950195,0.625258,0.995255,0.171627,0.236272
0.146314,0.555788,0.950195,0.625258,0.995255,0.171627,0.236272
0.146314,0.555788,0.950195,0.625258,0.995255,0.171627,0.236272
0.146314,0.555788,0.950195,0.625258,0.995255,0.171627,0.236272
0.146314,0.555788,0.950195,0.625258,0.995255,0.171627,0.236272
0.146314,0.555788,0.950195,0.625258,0.995255,0.171627,0.236272
0.146314,0.555788,0.950195,0.625258,0.995255,0.171627,0.236272
0.146314,0.555788,0.950195,0.625258,0.995255,0.171627,0.236272
0.146314,0.555788,0.950195,0.625258,0.995255,0.171627,0.236272
0.146314,0.555788,0.950195,0.625258,0.995255,0.171627,0.236272
0.146314,0.555788,0.950195,0.625258,0.995255,0.171627,0.236272
0.146314,0.555788,0.950195,0.625258,0.995255,0.171627,0.236272
0.146314,0.555788,0.950195,0.625258,0.995255,0.171627,0.236272
0.146314,0.555788,0.950195,0.625258,0.995255,0.171627,0.236272
0.146314,0.555788,0.950195,0.625258,0.995255,0.171627,0.236272
0.146314,0.555788,0.950195,0.625258,0.995255,0.171627,0.236272
0.146314,0.555788,0.950195,0.625258,0.995255,0.171627,0.236272
0.146314,0.555788,0.950195,0.625258,0.995255,0.171627,0.236272
0.146314,0.555788,0.950195,0.625258,0.995255,0.171627,0.236272
0.146314,0.555788,0.950195,0.625258,0.995255,0.171627,0.236272
0.146314,0.555788,0.950195,0.625258,0.995255,0.171627,0.236272
0.146314,0.555788,0.950195,0.625258,0.995255,0.171627,0.236272
0.146314,0.555788,0.950195,0.625258,0.995255,0.171627,0.236272
0.146314,0.555788,0.950195,0.625258,0.995255,0.171627,0.236272
0.146314,0.555788,0.950195,0.625258,0.995255,0.171627,0.236272
0.146314,0.555788,0.950195,0.625258,0.995255,0.171627,0.236272
0.146314,0.555788,0.950195,0.625258,0.995255,0.171627,0.236272
0.146314,0.555788,0.950195,0.625258,0.995255,0.171627,0.236272
0.146314,0.555788,0.950195,0.625258,0.995255,0.171627,0.236272
0.146314,0.555788,0.950195,0.625258,0.995255,0.171627,0.236272
0.146314,0.555788,0.950195,0.625258,0.995255,0.171627,0.236272
0.146314,0.555788,0.950195,0.625258,0.995255,0.171627,0.236272
0.146314,0.555788,0.950195,0.625258,0.995255,0.171627,0.236272
0.146314,0.555788,0.950195,0.625258,0.995255,0.171627,0.236272
0.146314,0.555788,0.950195,0.625258,0.995255,0.171627,0.236272
0.146314,0.555788,0.950195,0.625258,0.995255,0.171627,0.236272
0.146314,0.555788,0.950195,0.625258,0.995255,0.171627,0.236272
0.146314,0.555788,0.950195,0.625258,0.995255,0.171627,0.236272
0.146314,0.555788,0.950195,0.625258,0.995255,0.171627,0.236272
0.146314,0.555788,0.950195,0.625258,0.995255,0.171627,0.236272
0.146314,0.555788,0.950195,0.625258,0.995255,0.171627,0.236272
0.146314,0.555788,0.950195,0.625258,0.995255,0.171627,0.236272
0.146314,0.555788,0.950195,0.625258,0.995255,0.171627,0.236272
0.146314,0.555788,0.950195,0.625258,0.995255,0.171627,0.236272
0.146314,0.555788,0.950195,0.625258,0.995255,0.171627,0.236272
0.146314,0.555788,0.950195,0.625258,0.995255,0.171627,0.236272
0.146314,0.555788,0.950195,0.625258,0.995255,0.171627,0.236272
0.146314,0.555788,0.950195,0.625258,0.995255,0.171627,0.236272
0.146314,0.555788,0.950195,0.625258,0.995255,0.171627,0.236272
0.146314,0.555788,0.950195,0.625258,0.995255,0.171627,0.236272
0.146314,0.555788,0.950195,0.625258,0.995255,0.171627,0.236272
0.146314,0.555788,0.950195,0.625258,0.995255,0.171627,0.236272
0.146314,0.555788,0.950195,0.625258,0.995255,0.171627,0.236272
0.146314,0.555788,0.950195,0.625258,0.995255,0.171627,0.236272
0.146314,0.555788,0.950195,0.625258,0.995255,0.171627,0.236272
0.146314,0.555788,0.950195,0.625258,0.995255,0.171627,0.236272
0.146314,0.555788,0.950195,0.625258,0.995255,0.171627,0.236272
0.146314,0.555788,0.950195,0.625258,0.995255,0.171627,0.236272
0.146314,0.555788,0.950195,0.625258,0.995255,0.171627,0.236272
0.146314,0.555788,0.950195,0.625258,0.995255,0.171627,0.236272
0.146314,0.555788,0.950195,0.625258,0.995255,0.171627,0.236272
0.146314,0.555788,0.950195,0.625258,0.995255,0.171627,0.236272
0.146314,0.555788,0.950195,0.625258,0.995255,0.171627,0.236272
0.146314,0.555788,0.950195,0.625258,0.995255,0.171627,0.236272
0.146314,0.555788,0.950195,0.625258,0.995255,0.171627,0.236272
0.146314,0.555788,0.950195,0.625258,0.995255,0.171627,0.236272
0.167678,0.865561,0.958195,0.582823,0.867237,0.176806,0.230289
0.167678,0.865561,0.958195,0.582823,0.867237,0.176806,0.230289
0.167678,0.865561,0.958195,0.582823,0.867237,0.176806,0.230289
0.167678,0.865561,0.958195,0.582823,0.867237,0.176806,0.230289
0.167678,0.865561,0.958195,0.582823,0.867237,0.176806,0.230289
0.167678,0.865561,0.958195,0.582823,0.867237,0.176806,0.230289
0.167678,0.865561,0.958195,0.582823,0.867237,0.176806,0.230289
0.167678,0.865561,0.958195,0.582823,0.867237,0.176806,0.230289
0.167678,0.865561,0.958195,0.582823,0.867237,0.176806,0.230289
0.167678,0.865561,0.958195,0.582823,0.867237,0.176806,0.230289
0.167678,0.865561,0.958195,0.582823,0.867237,0.176806,0.230289
0.167678,0.865561,0.958195,0.582823,0.867237,0.176806,0.230289
0.167678,0.865561,0.958195,0.582823,0.867237,0.176806,0.230289
0.174267,0.796305,0.949899,0.583725,0.812562,0.176278,0.229712
0.174267,0.796305,0.949899,0.583725,0.812562,0.176278,0.229712
0.174267,0.796305,0.949899,0.583725,0.812562,0.176278,0.229712
0.101556,0.125345,0.956207,0.517633,0.60727,0.178657,0.214215
0.101556,0.125345,0.956207,0.517633,0.60727,0.178657,0.214215
0.101556,0.125345,0.956207,0.517633,0.60727,0.178657,0.214215
0.101556,0.125345,0.956207,0.517633,0.60727,0.178657,0.214215
0.101556,0.125345,0.956207,0.517633,0.60727,0.178657,0.214215
0.101556,0.125345,0.956207,0.517633,0.60727,0.178657,0.214215
0.101556,0.125345,0.956207,0.517633,0.60727,0.178657,0.214215
0.101556,0.125345,0.956207,0.517633,0.60727,0.178657,0.214215
0.101556,0.125345,0.956207,0.517633,0.60727,0.178657,0.214215
0.101556,0.125345,0.956207,0.517633,0.60727,0.178657,0.214215
0.101556,0.125345,0.956207,0.517633,0.60727,0.178657,0.214215
0.101556,0.125345,0.956207,0.517633,0.60727,0.178657,0.214215
0.144983,0.561714,0.955577,0.530239,0.715671,0.177873,0.209095
0.144983,0.561714,0.955577,0.530239,0.715671,0.177873,0.209095
0.144983,0.561714,0.955577,0.530239,0.715671,0.177873,0.209095
0.144983,0.561714,0.955577,0.530239,0.715671,0.177873,0.209095
0.144983,0.561714,0.955577,0.530239,0.715671,0.177873,0.209095
0.144983,0.561714,0.955577,0.530239,0.715671,0.177873,0.209095
0.144983,0.561714,0.955577,0.530239,0.715671,0.177873,0.209095
0.144983,0.561714,0.955577,0.530239,0.715671,0.177873,0.209095
0.144983,0.561714,0.955577,0.530239,0.715671,0.177873,0.209095
0.144983,0.561714,0.955577,0.530239,0.715671,0.177873,0.209095
0.144983,0.561714,0.955577,0.530239,0.715671,0.177873,0.209095
0.144983,0.561714,0.955577,0.530239,0.715671,0.177873,0.209095
0.144983,0.561714,0.955577,0.530239,0.715671,0.177873,0.209095
0.144983,0.561714,0.955577,0.530239,0.715671,0.177873,0.209095
0.144983,0.561714,0.955577,0.530239,0.715671,0.177873,0.209095
0.144983,0.561714,0.955577,0.530239,0.715671,0.177873,0.209095
0.144983,0.561714,0.955577,0.530239,0.715671,0.177873,0.209095
0.144983,0.561714,0.955577,0.530239,0.715671,0.177873,0.209095
0.144983,0.561714,0.955577,0.530239,0.715671,0.177873,0.209095
0.144983,0.561714,0.955577,0.530239,0.715671,0.177873,0.209095
0.144983,0.561714,0.955577,0.530239,0.715671,0.177873,0.209095
0.144983,0.561714,0.955577,0.530239,0.715671,0.177873,0.209095
0.144983,0.561714,0.955577,0.530239,0.715671,0.177873,0.209095
0.144983,0.561714,0.955577,0.530239,0.715671,0.177873,0.209095
0.144983,0.561714,0.955577,0.530239,0.715671,0.177873,0.209095
0.144983,0.561714,0.955577,0.530239,0.715671,0.177873,0.209095
0.144983,0.561714,0.955577,0.530239,0.715671,0.177873,0.209095
0.144983,0.561714,0.955577,0.530239,0.715671,0.177873,0.209095
0.144983,0.561714,0.955577,0.530239,0.715671,0.177873,0.209095
0.144983,0.561714,0.955577,0.530239,0.715671,0.177873,0.209095
0.144983,0.561714,0.955577,0.530239,0.715671,0.177873,0.209095
0.144983,0.561714,0.955577,0.530239,0.715671,0.177873,0.209095
0.144983,0.561714,0.955577,0.530239,0.715671,0.177873,0.209095
0.144983,0.561714,0.955577,0.530239,0.715671,0.177873,0.209095
0.144983,0.561714,0.955577,0.530239,0.715671,0.177873,0.209095
0.144983,0.561714,0.955577,0.530239,0.715671,0.177873,0.209095
0.146737,0.501307,0.960429,0.532763,0.824205,0.179117,0.206043
0.146737,0.501307,0.960429,0.532763,0.824205,0.179117,0.206043
0.146737,0.501307,0.960429,0.532763,0.824205,0.179117,0.206043
0.146737,0.501307,0.960429,0.532763,0.824205,0.179117,0.206043
0.146737,0.501307,0.960429,0.532763,0.824205,0.179117,0.206043
0.146737,0.501307,0.960429,0.532763,0.824205,0.179117,0.206043
0.146737,0.501307,0.960429,0.532763,0.824205,0.179117,0.206043
0.146737,0.501307,0.960429,0.532763,0.824205,0.179117,0.206043
0.146737,0.501307,0.960429,0.532763,0.824205,0.179117,0.206043
0.146737,0.501307,0.960429,0.532763,0.824205,0.179117,0.206043
0.146737,0.501307,0.960429,0.532763,0.824205,0.179117,0.206043
0.146737,0.501307,0.960429,0.532763,0.824205,0.179117,0.206043
0.146737,0.501307,0.960429,0.532763,0.824205,0.179117,0.206043
0.146737,0.501307,0.960429,0.532763,0.824205,0.179117,0.206043
0.146737,0.501307,0.960429,0.532763,0.824205,0.179117,0.206043
0.146737,0.501307,0.960429,0.532763,0.824205,0.179117,0.206043
0.146737,0.501307,0.960429,0.532763,0.824205,0.179117,0.206043
0.146737,0.501307,0.960429,0.532763,0.824205,0.179117,0.206043
0.146737,0.501307,0.960429,0.532763,0.824205,0.179117,0.206043
0.146737,0.501307,0.960429,0.532763,0.824205,0.179117,0.206043
0.146737,0.501307,0.960429,0.532763,0.824205,0.179117,0.206043
0.146737,0.501307,0.960429,0.532763,0.824205,0.179117,0.206043
0.146737,0.501307,0.960429,0.532763,0.824205,0.179117,0.206043
0.146737,0.501307,0.960429,0.532763,0.824205,0.179117,0.206043
0.146737,0.501307,0.960429,0.532763,0.824205,0.179117,0.206043
0.146737,0.501307,0.960429,0.532763,0.824205,0.179117,0.206043
0.146737,0.501307,0.960429,0.532763,0.824205,0.179117,0.206043
0.134655,0.394307,0.968966,0.49647,0.830276,0.178205,0.195773
0.134655,0.394307,0.968966,0.49647,0.830276,0.178205,0.195773
0.134655,0.394307,0.968966,0.49647,0.830276,0.178205,0.195773
0.134655,0.394307,0.968966,0.49647,0.830276,0.178205,0.195773
0.134655,0.394307,0.968966,0.49647,0.830276,0.178205,0.195773
0.134655,0.394307,0.968966,0.49647,0.830276,0.178205,0.195773
0.134655,0.394307,0.968966,0.49647,0.830276,0.178205,0.195773
0.134655,0.394307,0.968966,0.49647,0.830276,0.178205,0.195773
0.134655,0.394307,0.968966,0.49647,0.830276,0.178205,0.195773
0.134655,0.394307,0.968966,0.49647,0.830276,0.178205,0.195773
0.134655,0.394307,0.968966,0.49647,0.830276,0.178205,0.195773
0.134655,0.394307,0.968966,0.49647,0.830276,0.178205,0.195773
0.134655,0.394307,0.968966,0.49647,0.830276,0.178205,0.195773
0.134655,0.394307,0.968966,0.49647,0.830276,0.178205,0.195773
0.134655,0.394307,0.968966,0.49647,0.830276,0.178205,0.195773
0.134655,0.394307,0.968966,0.49647,0.830276,0.178205,0.195773
0.134655,0.394307,0.968966,0.49647,0.830276,0.178205,0.195773
0.134655,0.394307,0.968966,0.49647,0.830276,0.178205,0.195773
0.134655,0.394307,0.968966,0.49647,0.830276,0.178205,0.195773
0.134655,0.394307,0.968966,0.49647,0.830276,0.178205,0.195773
0.134655,0.394307,0.968966,0.49647,0.830276,0.178205,0.195773
0.134655,0.394307,0.968966,0.49647,0.830276,0.178205,0.195773
0.134655,0.394307,0.968966,0.49647,0.830276,0.178205,0.195773
0.134655,0.394307,0.968966,0.49647,0.830276,0.178205,0.195773
0.134655,0.394307,0.968966,0.49647,0.830276,0.178205,0.195773
0.134655,0.394307,0.968966,0.49647,0.830276,0.178205,0.195773
0.134655,0.394307,0.968966,0.49647,0.830276,0.178205,0.195773
0.134655,0.394307,0.968966,0.49647,0.830276,0.178205,0.195773
0.134655,0.394307,0.968966,0.49647,0.830276,0.178205,0.195773
0.134655,0.394307,0.968966,0.49647,0.830276,0.178205,0.195773
0.134655,0.394307,0.968966,0.49647,0.830276,0.178205,0.195773
0.134655,0.394307,0.968966,0.49647,0.830276,0.178205,0.195773
0.134655,0.394307,0.968966,0.49647,0.830276,0.178205,0.195773
0.134655,0.394307,0.968966,0.49647,0.830276,0.178205,0.195773
0.134655,0.394307,0.968966,0.49647,0.830276,0.178205,0.195773
0.134655,0.394307,0.968966,0.49647,0.830276,0.178205,0.195773
0.134655,0.394307,0.968966,0.49647,0.830276,0.178205,0.195773
0.134655,0.394307,0.968966,0.49647,0.830276,0.178205,0.195773
0.134655,0.394307,0.968966,0.49647,0.830276,0.178205,0.195773
0.134655,0.394307,0.968966,0.49647,0.830276,0.178205,0.195773
0.134655,0.394307,0.968966,0.49647,0.830276,0.178205,0.195773
0.134655,0.394307,0.968966,0.49647,0.830276,0.178205,0.195773
0.134655,0.394307,0.968966,0.49647,0.830276,0.178205,0.195773
0.134655,0.394307,0.968966,0.49647,0.830276,0.178205,0.195773
0.134655,0.394307,0.968966,0.49647,0.830276,0.178205,0.195773
0.134655,0.394307,0.968966,0.49647,0.830276,0.178205,0.195773
0.134655,0.394307,0.968966,0.49647,0.830276,0.178205,0.195773
0.134655,0.394307,0.968966,0.49647,0.830276,0.178205,0.195773
0.134655,0.394307,0.968966,0.49647,0.830276,0.178205,0.195773
0.134655,0.394307,0.968966,0.49647,0.830276,0.178205,0.195773
0.134655,0.394307,0.968966,0.49647,0.830276,0.178205,0.195773
0.134655,0.394307,0.968966,0.49647,0.830276,0.178205,0.195773
0.134655,0.394307,0.968966,0.49647,0.830276,0.178205,0.195773
0.134655,0.394307,0.968966,0.49647,0.830276,0.178205,0.195773
0.138054,0.487706,0.956735,0.49264,0.774334,0.174514,0.190143
0.138054,0.487706,0.956735,0.49264,0.774334,0.174514,0.190143
0.138054,0.487706,0.956735,0.49264,0.774334,0.174514,0.190143
0.138054,0.487706,0.956735,0.49264,0.774334,0.174514,0.190143
0.138054,0.487706,0.956735,0.49264,0.774334,0.174514,0.190143
0.138054,0.487706,0.956735,0.49264,0.774334,0.174514,0.190143
0.138054,0.487706,0.956735,0.49264,0.774334,0.174514,0.190143
0.138054,0.487706,0.956735,0.49264,0.774334,0.174514,0.190143
0.138054,0.487706,0.956735,0.49264,0.774334,0.174514,0.190143
0.138054,0.487706,0.956735,0.49264,0.774334,0.174514,0.190143
0.138054,0.487706,0.956735,0.49264,0.774334,0.174514,0.190143
0.130902,0.434075,0.958221,0.429413,0.744651,0.188172,0.170658
0.130902,0.396505,0.965601,0.404266,0.744651,0.188172,0.149684
0.130902,0.396505,0.965601,0.404266,0.744651,0.188172,0.149684
0.130902,0.396505,0.965601,0.404266,0.744651,0.188172,0.149684
0.130902,0.396505,0.965601,0.404266,0.744651,0.188172,0.149684
0.130902,0.396505,0.965601,0.404266,0.744651,0.188172,0.149684
0.130902,0.396505,0.965601,0.404266,0.744651,0.188172,0.149684
0.130902,0.396505,0.965601,0.404266,0.744651,0.188172,0.149684
0.130902,0.396505,0.965601,0.404266,0.744651,0.188172,0.149684
0.130902,0.396505,0.965601,0.404266,0.744651,0.188172,0.149684
0.130902,0.396505,0.965601,0.404266,0.744651,0.188172,0.149684
0.130902,0.396505,0.965601,0.404266,0.744651,0.188172,0.149684
0.130902,0.396505,0.965601,0.404266,0.744651,0.188172,0.149684
0.130902,0.396505,0.965601,0.404266,0.744651,0.188172,0.149684
0.130902,0.396505,0.965601,0.404266,0.744651,0.188172,0.149684
0.130902,0.396505,0.965601,0.404266,0.744651,0.188172,0.149684
0.130902,0.396505,0.965601,0.404266,0.744651,0.188172,0.149684
0.130902,0.396505,0.965601,0.404266,0.744651,0.188172,0.149684
0.130902,0.396505,0.965601,0.404266,0.744651,0.188172,0.149684
0.130902,0.396505,0.965601,0.404266,0.744651,0.188172,0.149684
0.130902,0.396505,0.965601,0.404266,0.744651,0.188172,0.149684
0.130902,0.396505,0.965601,0.404266,0.744651,0.188172,0.149684
0.130902,0.396505,0.965601,0.404266,0.744651,0.188172,0.149684
0.130902,0.396505,0.965601,0.404266,0.744651,0.188172,0.149684
0.130902,0.396505,0.965601,0.404266,0.744651,0.188172,0.149684
0.130902,0.396505,0.965601,0.404266,0.744651,0.188172,0.149684
0.130902,0.396505,0.965601,0.404266,0.744651,0.188172,0.149684
0.130902,0.396505,0.965601,0.404266,0.744651,0.188172,0.149684
0.130902,0.396505,0.965601,0.404266,0.744651,0.188172,0.149684
0.130902,0.396505,0.965601,0.404266,0.744651,0.188172,0.149684
0.130902,0.396505,0.965601,0.404266,0.744651,0.188172,0.149684
0.130902,0.396505,0.965601,0.404266,0.744651,0.188172,0.149684
0.130902,0.396505,0.965601,0.404266,0.744651,0.188172,0.149684
0.130902,0.396505,0.965601,0.404266,0.744651,0.188172,0.149684
0.130902,0.396505,0.965601,0.404266,0.744651,0.188172,0.149684
0.130902,0.396505,0.965601,0.404266,0.744651,0.188172,0.149684
0.134811,0.453627,0.953619,0.412501,0.754239,0.181075,0.147185
0.134811,0.453627,0.953619,0.412501,0.754239,0.181075,0.147185
0.134811,0.453627,0.953619,0.412501,0.754239,0.181075,0.147185
0.134811,0.453627,0.953619,0.412501,0.754239,0.181075,0.147185
0.134811,0.453627,0.953619,0.412501,0.754239,0.181075,0.147185
0.134811,0.453627,0.953619,0.412501,0.754239,0.181075,0.147185
0.134811,0.453627,0.953619,0.412501,0.754239,0.181075,0.147185
0.134811,0.453627,0.953619,0.412501,0.754239,0.181075,0.147185
0.134811,0.453627,0.953619,0.412501,0.754239,0.181075,0.147185
0.134811,0.453627,0.953619,0.412501,0.754239,0.181075,0.147185
0.134811,0.453627,0.953619,0.412501,0.754239,0.181075,0.147185
0.134811,0.453627,0.953619,0.412501,0.754239,0.181075,0.147185
0.134811,0.453627,0.953619,0.412501,0.754239,0.181075,0.147185
0.134811,0.453627,0.953619,0.412501,0.754239,0.181075,0.147185
0.134811,0.453627,0.953619,0.412501,0.754239,0.181075,0.147185
0.134811,0.453627,0.953619,0.412501,0.754239,0.181075,0.147185
0.134811,0.453627,0.953619,0.412501,0.754239,0.181075,0.147185
0.134811,0.453627,0.953619,0.412501,0.754239,0.181075,0.147185
0.134811,0.453627,0.953619,0.412501,0.754239,0.181075,0.147185
0.134811,0.453627,0.953619,0.412501,0.754239,0.181075,0.147185
0.134811,0.453627,0.953619,0.412501,0.754239,0.181075,0.147185
0.134811,0.453627,0.953619,0.412501,0.754239,0.181075,0.147185
0.134811,0.453627,0.953619,0.412501,0.754239,0.181075,0.147185
0.135181,0.435534,0.955976,0.414858,0.734614,0.180062,0.146726
0.135181,0.435534,0.955976,0.414858,0.734614,0.180062,0.146726
0.135181,0.435534,0.955976,0.414858,0.734614,0.180062,0.146726
0.135181,0.435534,0.955976,0.414858,0.734614,0.180062,0.146726
0.135181,0.435534,0.955976,0.414858,0.734614,0.180062,0.146726
0.135181,0.435534,0.955976,0.414858,0.734614,0.180062,0.146726
0.135181,0.435534,0.955976,0.414858,0.734614,0.180062,0.146726
0.135181,0.435534,0.955976,0.414858,0.734614,0.180062,0.146726
0.135181,0.435534,0.955976,0.414858,0.734614,0.180062,0.146726
0.135181,0.435534,0.955976,0.414858,0.734614,0.180062,0.146726
0.135181,0.435534,0.955976,0.414858,0.734614,0.180062,0.146726
0.135181,0.435534,0.955976,0.414858,0.734614,0.180062,0.146726
0.136077,0.440016,0.956059,0.414669,0.732925,0.179619,0.146667
0.136077,0.440016,0.956059,0.414669,0.732925,0.179619,0.146667
0.136077,0.440016,0.956059,0.414669,0.732925,0.179619,0.146667
0.136077,0.440016,0.956059,0.414669,0.732925,0.179619,0.146667
0.136077,0.440016,0.956059,0.414669,0.732925,0.179619,0.146667
0.136077,0.440016,0.956059,0.414669,0.732925,0.179619,0.146667
0.136077,0.440016,0.956059,0.414669,0.732925,0.179619,0.146667
0.136077,0.440016,0.956059,0.414669,0.732925,0.179619,0.146667
0.136077,0.440016,0.956059,0.414669,0.732925,0.179619,0.146667
0.136077,0.440016,0.956059,0.414669,0.732925,0.179619,0.146667
0.136077,0.440016,0.956059,0.414669,0.732925,0.179619,0.146667
0.136077,0.440016,0.956059,0.414669,0.732925,0.179619,0.146667
0.136077,0.440016,0.956059,0.414669,0.732925,0.179619,0.146667
0.136077,0.440016,0.956059,0.414669,0.732925,0.179619,0.146667
0.136077,0.440016,0.956059,0.414669,0.732925,0.179619,0.146667
0.136077,0.440016,0.956059,0.414669,0.732925,0.179619,0.146667
0.136077,0.440016,0.956059,0.414669,0.732925,0.179619,0.146667
0.136077,0.440016,0.956059,0.414669,0.732925,0.179619,0.146667
0.136077,0.440016,0.956059,0.414669,0.732925,0.179619,0.146667
0.136077,0.440016,0.956059,0.414669,0.732925,0.179619,0.146667
0.136077,0.440016,0.956059,0.414669,0.732925,0.179619,0.146667
0.136077,0.440016,0.956059,0.414669,0.732925,0.179619,0.146667
0.136077,0.440016,0.956059,0.414669,0.732925,0.179619,0.146667
0.136077,0.440016,0.956059,0.414669,0.732925,0.179619,0.146667
0.136077,0.440016,0.956059,0.414669,0.732925,0.179619,0.146667
0.136077,0.440016,0.956059,0.414669,0.732925,0.179619,0.146667
0.136077,0.440016,0.956059,0.414669,0.732925,0.179619,0.146667
0.136077,0.440016,0.956059,0.414669,0.732925,0.179619,0.146667
0.136077,0.440016,0.956059,0.414669,0.732925,0.179619,0.146667
0.136077,0.440016,0.956059,0.414669,0.732925,0.179619,0.146667
0.136077,0.440016,0.956059,0.414669,0.732925,0.179619,0.146667
0.136077,0.440016,0.956059,0.414669,0.732925,0.179619,0.146667
0.136077,0.440016,0.956059,0.414669,0.732925,0.179619,0.146667
0.136077,0.440016,0.956059,0.414669,0.732925,0.179619,0.146667
0.136077,0.440016,0.956059,0.414669,0.732925,0.179619,0.146667
0.136077,0.440016,0.956059,0.414669,0.732925,0.179619,0.146667
0.136077,0.440016,0.956059,0.414669,0.732925,0.179619,0.146667
0.136077,0.440016,0.956059,0.414669,0.732925,0.179619,0.146667
0.146159,0.59715,0.967133,0.390852,0.853271,0.180404,0.142702
0.137407,0.473239,0.964688,0.39876,0.809793,0.183438,0.140564
0.137407,0.473239,0.964688,0.39876,0.809793,0.183438,0.140564
0.137407,0.473239,0.964688,0.39876,0.809793,0.183438,0.140564
0.137407,0.473239,0.964688,0.39876,0.809793,0.183438,0.140564
0.137407,0.473239,0.964688,0.39876,0.809793,0.183438,0.140564
0.137407,0.473239,0.964688,0.39876,0.809793,0.183438,0.140564
0.135923,0.44524,0.961879,0.401379,0.811655,0.180208,0.140015
0.135923,0.44524,0.961879,0.401379,0.811655,0.180208,0.140015
0.135923,0.44524,0.961879,0.401379,0.811655,0.180208,0.140015
0.135923,0.44524,0.961879,0.401379,0.811655,0.180208,0.140015
0.135923,0.44524,0.961879,0.401379,0.811655,0.180208,0.140015
0.135923,0.44524,0.961879,0.401379,0.811655,0.180208,0.140015
0.135923,0.44524,0.961879,0.401379,0.811655,0.180208,0.140015
0.135923,0.44524,0.961879,0.401379,0.811655,0.180208,0.140015
0.137832,0.479045,0.964802,0.396275,0.74828,0.180337,0.139743
0.137832,0.479045,0.964802,0.396275,0.74828,0.180337,0.139743
0.137832,0.479045,0.964802,0.396275,0.74828,0.180337,0.139743
0.137832,0.479045,0.964802,0.396275,0.74828,0.180337,0.139743
0.137832,0.479045,0.964802,0.396275,0.74828,0.180337,0.139743
0.137832,0.479045,0.964802,0.396275,0.74828,0.180337,0.139743
0.137832,0.479045,0.964802,0.396275,0.74828,0.180337,0.139743
0.137832,0.479045,0.964802,0.396275,0.74828,0.180337,0.139743
0.137832,0.479045,0.964802,0.396275,0.74828,0.180337,0.139743
0.1398,0.464771,0.964727,0.383821,0.676437,0.179545,0.135969
0.1398,0.464771,0.964727,0.383821,0.676437,0.179545,0.135969
0.1398,0.464771,0.964727,0.383821,0.676437,0.179545,0.135969
0.1398,0.464771,0.964727,0.383821,0.676437,0.179545,0.135969
0.1398,0.464771,0.964727,0.383821,0.676437,0.179545,0.135969
0.1398,0.464771,0.964727,0.383821,0.676437,0.179545,0.135969
0.1398,0.464771,0.964727,0.383821,0.676437,0.179545,0.135969
0.1398,0.464771,0.964727,0.383821,0.676437,0.179545,0.135969
0.1398,0.464771,0.964727,0.383821,0.676437,0.179545,0.135969
0.1398,0.464771,0.964727,0.383821,0.676437,0.179545,0.135969
0.1398,0.464771,0.964727,0.383821,0.676437,0.179545,0.135969
0.1398,0.464771,0.964727,0.383821,0.676437,0.179545,0.135969
0.1398,0.464771,0.964727,0.383821,0.676437,0.179545,0.135969
0.1398,0.464771,0.964727,0.383821,0.676437,0.179545,0.135969
0.1398,0.464771,0.964727,0.383821,0.676437,0.179545,0.135969
0.1398,0.464771,0.964727,0.383821,0.676437,0.179545,0.135969
0.1398,0.464771,0.964727,0.383821,0.676437,0.179545,0.135969
0.1398,0.464771,0.964727,0.383821,0.676437,0.179545,0.135969
0.1398,0.464771,0.964727,0.383821,0.676437,0.179545,0.135969
0.1398,0.464771,0.964727,0.383821,0.676437,0.179545,0.135969
0.1398,0.464771,0.964727,0.383821,0.676437,0.179545,0.135969
0.130298,0.360736,0.962068,0.337893,0.755263,0.180333,0.117892
0.130298,0.360736,0.962068,0.337893,0.755263,0.180333,0.117892
0.130298,0.360736,0.962068,0.337893,0.755263,0.180333,0.117892
0.130298,0.360736,0.962068,0.337893,0.755263,0.180333,0.117892
0.130298,0.360736,0.962068,0.337893,0.755263,0.180333,0.117892
0.130298,0.360736,0.962068,0.337893,0.755263,0.180333,0.117892
0.130298,0.360736,0.962068,0.337893,0.755263,0.180333,0.117892
0.130298,0.360736,0.962068,0.337893,0.755263,0.180333,0.117892
0.130298,0.360736,0.962068,0.337893,0.755263,0.180333,0.117892
0.130298,0.360736,0.962068,0.337893,0.755263,0.180333,0.117892
0.130298,0.360736,0.962068,0.337893,0.755263,0.180333,0.117892
0.130298,0.360736,0.962068,0.337893,0.755263,0.180333,0.117892
0.130298,0.360736,0.962068,0.337893,0.755263,0.180333,0.117892
0.130298,0.360736,0.962068,0.337893,0.755263,0.180333,0.117892
0.130298,0.360736,0.962068,0.337893,0.755263,0.180333,0.117892
0.130298,0.360736,0.962068,0.337893,0.755263,0.180333,0.117892
0.129189,0.377461,0.96275,0.341649,0.745741,0.18186,0.117594
0.129189,0.377461,0.96275,0.341649,0.745741,0.18186,0.117594
0.129189,0.377461,0.96275,0.341649,0.745741,0.18186,0.117594
0.129189,0.377461,0.96275,0.341649,0.745741,0.18186,0.117594
0.129189,0.377461,0.96275,0.341649,0.745741,0.18186,0.117594
0.129189,0.377461,0.96275,0.341649,0.745741,0.18186,0.117594
0.129189,0.377461,0.96275,0.341649,0.745741,0.18186,0.117594
0.129189,0.377461,0.96275,0.341649,0.745741,0.18186,0.117594
0.129189,0.377461,0.96275,0.341649,0.745741,0.18186,0.117594
0.129189,0.377461,0.96275,0.341649,0.745741,0.18186,0.117594
0.129189,0.377461,0.96275,0.341649,0.745741,0.18186,0.117594
0.129189,0.377461,0.96275,0.341649,0.745741,0.18186,0.117594
0.114395,0.214392,0.971588,0.295283,0.417253,0.179368,0.0983667
0.114395,0.214392,0.971588,0.295283,0.417253,0.179368,0.0983667
0.114395,0.214392,0.971588,0.295283,0.417253,0.179368,0.0983667
0.114395,0.214392,0.971588,0.295283,0.417253,0.179368,0.0983667
0.114395,0.214392,0.971588,0.295283,0.417253,0.179368,0.0983667
0.114395,0.214392,0.971588,0.295283,0.417253,0.179368,0.0983667
0.114395,0.214392,0.971588,0.295283,0.417253,0.179368,0.0983667
0.114395,0.214392,0.971588,0.295283,0.417253,0.179368,0.0983667
0.114395,0.214392,0.971588,0.295283,0.417253,0.179368,0.0983667
0.114395,0.214392,0.971588,0.295283,0.417253,0.179368,0.0983667
0.126464,0.302511,0.970518,0.301907,0.43836,0.183716,0.0964166
0.126464,0.302511,0.970518,0.301907,0.43836,0.183716,0.0964166
0.126464,0.302511,0.970518,0.301907,0.43836,0.183716,0.0964166
0.126464,0.302511,0.970518,0.301907,0.43836,0.183716,0.0964166
0.130856,0.411358,0.970265,0.267961,0.542731,0.183338,0.0871973
0.130856,0.411358,0.970265,0.267961,0.542731,0.183338,0.0871973
0.130856,0.411358,0.970265,0.267961,0.542731,0.183338,0.0871973
0.130856,0.411358,0.970265,0.267961,0.542731,0.183338,0.0871973
0.130856,0.411358,0.970265,0.267961,0.542731,0.183338,0.0871973
0.130856,0.411358,0.970265,0.267961,0.542731,0.183338,0.0871973
0.130856,0.411358,0.970265,0.267961,0.542731,0.183338,0.0871973
0.130856,0.411358,0.970265,0.267961,0.542731,0.183338,0.0871973
0.130856,0.411358,0.970265,0.267961,0.542731,0.183338,0.0871973
0.130856,0.411358,0.970265,0.267961,0.542731,0.183338,0.0871973
0.130856,0.411358,0.970265,0.267961,0.542731,0.183338,0.0871973
0.130856,0.411358,0.970265,0.267961,0.542731,0.183338,0.0871973
0.130856,0.411358,0.970265,0.267961,0.542731,0.183338,0.0871973
0.130856,0.411358,0.970265,0.267961,0.542731,0.183338,0.0871973
0.130856,0.411358,0.970265,0.267961,0.542731,0.183338,0.0871973
0.130856,0.411358,0.970265,0.267961,0.542731,0.183338,0.0871973
0.130856,0.411358,0.970265,0.267961,0.542731,0.183338,0.0871973
0.130856,0.411358,0.970265,0.267961,0.542731,0.183338,0.0871973
0.130856,0.411358,0.970265,0.267961,0.542731,0.183338,0.0871973
0.130856,0.411358,0.970265,0.267961,0.542731,0.183338,0.0871973
0.130856,0.411358,0.970265,0.267961,0.542731,0.183338,0.0871973
0.130856,0.411358,0.970265,0.267961,0.542731,0.183338,0.0871973
0.130856,0.411358,0.970265,0.267961,0.542731,0.183338,0.0871973
0.130856,0.411358,0.970265,0.267961,0.542731,0.183338,0.0871973
0.130856,0.411358,0.970265,0.267961,0.542731,0.183338,0.0871973
0.130856,0.411358,0.970265,0.267961,0.542731,0.183338,0.0871973
0.130856,0.411358,0.970265,0.267961,0.542731,0.183338,0.0871973
0.130856,0.411358,0.970265,0.267961,0.542731,0.183338,0.0871973
0.130856,0.411358,0.970265,0.267961,0.542731,0.183338,0.0871973
0.130856,0.411358,0.970265,0.267961,0.542731,0.183338,0.0871973
0.130856,0.411358,0.970265,0.267961,0.542731,0.183338,0.0871973
0.130856,0.411358,0.970265,0.267961,0.542731,0.183338,0.0871973
0.130856,0.411358,0.970265,0.267961,0.542731,0.183338,0.0871973
0.130856,0.411358,0.970265,0.267961,0.542731,0.183338,0.0871973
0.186786,0.944168,0.964645,0.286164,0.388929,0.183226,0.0834697
0.186786,0.944168,0.964645,0.286164,0.388929,0.183226,0.0834697
0.186786,0.944168,0.964645,0.286164,0.388929,0.183226,0.0834697
0.186786,0.944168,0.964645,0.286164,0.388929,0.183226,0.0834697
0.186786,0.944168,0.964645,0.286164,0.388929,0.183226,0.0834697
0.186786,0.944168,0.964645,0.286164,0.388929,0.183226,0.0834697
0.186786,0.944168,0.964645,0.286164,0.388929,0.183226,0.0834697
0.186786,0.944168,0.964645,0.286164,0.388929,0.183226,0.0834697
0.186786,0.944168,0.964645,0.286164,0.388929,0.183226,0.0834697
0.170129,0.7136,0.966801,0.245339,0.437354,0.185683,0.0766719
0.170129,0.7136,0.966801,0.245339,0.437354,0.185683,0.0766719
0.170129,0.7136,0.966801,0.245339,0.437354,0.185683,0.0766719
0.170129,0.7136,0.966801,0.245339,0.437354,0.185683,0.0766719
0.170129,0.7136,0.966801,0.245339,0.437354,0.185683,0.0766719
0.170129,0.7136,0.966801,0.245339,0.437354,0.185683,0.0766719
0.170129,0.7136,0.966801,0.245339,0.437354,0.185683,0.0766719
0.170129,0.7136,0.966801,0.245339,0.437354,0.185683,0.0766719
0.170129,0.7136,0.966801,0.245339,0.437354,0.185683,0.0766719
0.170129,0.7136,0.966801,0.245339,0.437354,0.185683,0.0766719
0.170129,0.7136,0.966801,0.245339,0.437354,0.185683,0.0766719
0.170129,0.7136,0.966801,0.245339,0.437354,0.185683,0.0766719
0.170129,0.7136,0.966801,0.245339,0.437354,0.185683,0.0766719
0.103256,0.122718,0.971189,0.255622,0.242663,0.18093,0.0736146
0.103256,0.108786,0.971189,0.255622,0.240395,0.18093,0.0727401
0.103256,0.108786,0.971189,0.255622,0.240395,0.18093,0.0727401
0.103256,0.108786,0.971189,0.255622,0.240395,0.18093,0.0727401
0.103256,0.108786,0.971189,0.255622,0.240395,0.18093,0.0727401
0.103256,0.108786,0.971189,0.255622,0.240395,0.18093,0.0727401
0.103256,0.108786,0.971189,0.255622,0.240395,0.18093,0.0727401
0.103256,0.108786,0.971189,0.255622,0.240395,0.18093,0.0727401
0.103256,0.108786,0.971189,0.255622,0.240395,0.18093,0.0727401
0.11575,0.184714,0.979357,0.243818,0.192747,0.186592,0.0696979
0.11575,0.184714,0.979357,0.243818,0.192747,0.186592,0.0696979
0.11575,0.184714,0.979357,0.243818,0.192747,0.186592,0.0696979
0.11575,0.184714,0.979357,0.243818,0.192747,0.186592,0.0696979
0.11575,0.184714,0.979357,0.243818,0.192747,0.186592,0.0696979
0.11575,0.184714,0.979357,0.243818,0.192747,0.186592,0.0696979
0.11575,0.184714,0.979357,0.243818,0.192747,0.186592,0.0696979
0.11575,0.184714,0.979357,0.243818,0.192747,0.186592,0.0696979
0.11575,0.184714,0.979357,0.243818,0.192747,0.186592,0.0696979
0.11575,0.184714,0.979357,0.243818,0.192747,0.186592,0.0696979
0.11575,0.184714,0.979357,0.243818,0.192747,0.186592,0.0696979
0.11575,0.184714,0.979357,0.243818,0.192747,0.186592,0.0696979
0.11575,0.184714,0.979357,0.243818,0.192747,0.186592,0.0696979
0.11575,0.184714,0.979357,0.243818,0.192747,0.186592,0.0696979
0.11575,0.184714,0.979357,0.243818,0.192747,0.186592,0.0696979
0.11575,0.184714,0.979357,0.243818,0.192747,0.186592,0.0696979
0.11575,0.184714,0.979357,0.243818,0.192747,0.186592,0.0696979
0.11575,0.184714,0.979357,0.243818,0.192747,0.186592,0.0696979
0.11575,0.184714,0.979357,0.243818,0.192747,0.186592,0.0696979
0.11575,0.184714,0.979357,0.243818,0.192747,0.186592,0.0696979
0.11575,0.184714,0.979357,0.243818,0.192747,0.186592,0.0696979
0.11575,0.184714,0.979357,0.243818,0.192747,0.186592,0.0696979
0.11575,0.184714,0.979357,0.243818,0.192747,0.186592,0.0696979
0.11575,0.184714,0.979357,0.243818,0.192747,0.186592,0.0696979
0.11575,0.184714,0.979357,0.243818,0.192747,0.186592,0.0696979
0.147465,0.486866,0.971658,0.243224,0.331368,0.184893,0.0664836
0.147465,0.486866,0.971658,0.243224,0.331368,0.184893,0.0664836
0.147465,0.486866,0.971658,0.243224,0.331368,0.184893,0.0664836
0.147465,0.486866,0.971658,0.243224,0.331368,0.184893,0.0664836
0.147465,0.486866,0.971658,0.243224,0.331368,0.184893,0.0664836
0.147465,0.486866,0.971658,0.243224,0.331368,0.184893,0.0664836
0.147465,0.486866,0.971658,0.243224,0.331368,0.184893,0.0664836
0.147465,0.486866,0.971658,0.243224,0.331368,0.184893,0.0664836
0.147465,0.486866,0.971658,0.243224,0.331368,0.184893,0.0664836
0.147465,0.486866,0.971658,0.243224,0.331368,0.184893,0.0664836
0.147465,0.486866,0.971658,0.243224,0.331368,0.184893,0.0664836
0.147465,0.486866,0.971658,0.243224,0.331368,0.184893,0.0664836
0.147465,0.486866,0.971658,0.243224,0.331368,0.184893,0.0664836
0.147465,0.486866,0.971658,0.243224,0.331368,0.184893,0.0664836
0.147465,0.486866,0.971658,0.243224,0.331368,0.184893,0.0664836
0.147465,0.486866,0.971658,0.243224,0.331368,0.184893,0.0664836
0.147465,0.486866,0.971658,0.243224,0.331368,0.184893,0.0664836
0.147465,0.486866,0.971658,0.243224,0.331368,0.184893,0.0664836
0.137879,0.491997,0.97189,0.2443,0.32644,0.184718,0.062958
0.137879,0.491997,0.97189,0.2443,0.32644,0.184718,0.062958
0.137879,0.491997,0.97189,0.2443,0.32644,0.184718,0.062958
0.137879,0.491997,0.97189,0.2443,0.32644,0.184718,0.062958
0.137879,0.491997,0.97189,0.2443,0.32644,0.184718,0.062958
0.137879,0.491997,0.97189,0.2443,0.32644,0.184718,0.062958
0.137879,0.491997,0.97189,0.2443,0.32644,0.184718,0.062958
0.137879,0.491997,0.97189,0.2443,0.32644,0.184718,0.062958
0.137879,0.491997,0.97189,0.2443,0.32644,0.184718,0.062958
0.137879,0.491997,0.97189,0.2443,0.32644,0.184718,0.062958
0.137879,0.491997,0.97189,0.2443,0.32644,0.184718,0.062958
0.142316,0.578521,0.972002,0.207966,0.269856,0.181616,0.0548829
0.142316,0.578521,0.972002,0.207966,0.269856,0.181616,0.0548829
0.142316,0.578521,0.972002,0.207966,0.269856,0.181616,0.0548829
0.142316,0.578521,0.972002,0.207966,0.269856,0.181616,0.0548829
0.154239,0.649839,0.971996,0.23099,0.258739,0.187017,0.0533184
0.154239,0.649839,0.971996,0.23099,0.258739,0.187017,0.0533184
0.154239,0.649839,0.971996,0.23099,0.258739,0.187017,0.0533184
0.154239,0.649839,0.971996,0.23099,0.258739,0.187017,0.0533184
0.147782,0.571176,0.961652,0.22761,0.2545,0.184386,0.0481539
0.147782,0.571176,0.961652,0.22761,0.2545,0.184386,0.0481539
0.147782,0.571176,0.961652,0.22761,0.2545,0.184386,0.0481539
0.147782,0.571176,0.961652,0.22761,0.2545,0.184386,0.0481539
0.147782,0.571176,0.961652,0.22761,0.2545,0.184386,0.0481539
0.147782,0.571176,0.961652,0.22761,0.2545,0.184386,0.0481539
0.147782,0.571176,0.961652,0.22761,0.2545,0.184386,0.0481539
0.147782,0.571176,0.961652,0.22761,0.2545,0.184386,0.0481539
0.147782,0.571176,0.961652,0.22761,0.2545,0.184386,0.0481539
0.147782,0.571176,0.961652,0.22761,0.2545,0.184386,0.0481539
0.147782,0.571176,0.961652,0.22761,0.2545,0.184386,0.0481539
0.147782,0.571176,0.961652,0.22761,0.2545,0.184386,0.0481539
0.147782,0.571176,0.961652,0.22761,0.2545,0.184386,0.0481539
0.147782,0.571176,0.961652,0.22761,0.2545,0.184386,0.0481539
0.147782,0.571176,0.961652,0.22761,0.2545,0.184386,0.0481539
0.147782,0.571176,0.961652,0.22761,0.2545,0.184386,0.0481539
0.147782,0.571176,0.961652,0.22761,0.2545,0.184386,0.0481539
0.147782,0.571176,0.961652,0.22761,0.2545,0.184386,0.0481539
0.147782,0.571176,0.961652,0.22761,0.2545,0.184386,0.0481539
0.147782,0.571176,0.961652,0.22761,0.2545,0.184386,0.0481539
0.147782,0.571176,0.961652,0.22761,0.2545,0.184386,0.0481539
0.147782,0.571176,0.961652,0.22761,0.2545,0.184386,0.0481539
0.147782,0.571176,0.961652,0.22761,0.2545,0.184386,0.0481539
0.147782,0.571176,0.961652,0.22761,0.2545,0.184386,0.0481539
0.147782,0.571176,0.961652,0.22761,0.2545,0.184386,0.0481539
0.147782,0.571176,0.961652,0.22761,0.2545,0.184386,0.0481539
0.147782,0.571176,0.961652,0.22761,0.2545,0.184386,0.0481539
0.147782,0.571176,0.961652,0.22761,0.2545,0.184386,0.0481539
0.147782,0.571176,0.961652,0.22761,0.2545,0.184386,0.0481539
0.14962,0.574446,0.962241,0.226,0.256526,0.184077,0.0471666
0.14962,0.574446,0.962241,0.226,0.256526,0.184077,0.0471666
0.14962,0.574446,0.962241,0.226,0.256526,0.184077,0.0471666
0.14962,0.574446,0.962241,0.226,0.256526,0.184077,0.0471666
0.14962,0.574446,0.962241,0.226,0.256526,0.184077,0.0471666
0.14962,0.574446,0.962241,0.226,0.256526,0.184077,0.0471666
0.14962,0.574446,0.962241,0.226,0.256526,0.184077,0.0471666
0.14962,0.574446,0.962241,0.226,0.256526,0.184077,0.0471666
0.14962,0.574446,0.962241,0.226,0.256526,0.184077,0.0471666
0.14962,0.574446,0.962241,0.226,0.256526,0.184077,0.0471666
0.14962,0.574446,0.962241,0.226,0.256526,0.184077,0.0471666
0.14962,0.574446,0.962241,0.226,0.256526,0.184077,0.0471666
0.14962,0.574446,0.962241,0.226,0.256526,0.184077,0.0471666
0.14962,0.574446,0.962241,0.226,0.256526,0.184077,0.0471666
0.14962,0.574446,0.962241,0.226,0.256526,0.184077,0.0471666
0.14962,0.574446,0.962241,0.226,0.256526,0.184077,0.0471666
0.14962,0.574446,0.962241,0.226,0.256526,0.184077,0.0471666
0.14962,0.574446,0.962241,0.226,0.256526,0.184077,0.0471666
0.14962,0.574446,0.962241,0.226,0.256526,0.184077,0.0471666
0.14962,0.574446,0.962241,0.226,0.256526,0.184077,0.0471666
0.14962,0.574446,0.962241,0.226,0.256526,0.184077,0.0471666
0.14962,0.574446,0.962241,0.226,0.256526,0.184077,0.0471666
0.14962,0.574446,0.962241,0.226,0.256526,0.184077,0.0471666
0.14962,0.574446,0.962241,0.226,0.256526,0.184077,0.0471666
0.14962,0.574446,0.962241,0.226,0.256526,0.184077,0.0471666
0.14962,0.574446,0.962241,0.226,0.256526,0.184077,0.0471666
0.14962,0.574446,0.962241,0.226,0.256526,0.184077,0.0471666
0.14962,0.574446,0.962241,0.226,0.256526,0.184077,0.0471666
0.14962,0.574446,0.962241,0.226,0.256526,0.184077,0.0471666
0.14962,0.574446,0.962241,0.226,0.256526,0.184077,0.0471666
0.14962,0.574446,0.962241,0.226,0.256526,0.184077,0.0471666
0.14962,0.574446,0.962241,0.226,0.256526,0.184077,0.0471666
0.14962,0.574446,0.962241,0.226,0.256526,0.184077,0.0471666
0.14962,0.574446,0.962241,0.226,0.256526,0.184077,0.0471666
0.14962,0.574446,0.962241,0.226,0.256526,0.184077,0.0471666
0.14962,0.574446,0.962241,0.226,0.256526,0.184077,0.0471666
0.14962,0.574446,0.962241,0.226,0.256526,0.184077,0.0471666
0.14962,0.574446,0.962241,0.226,0.256526,0.184077,0.0471666
0.14962,0.574446,0.962241,0.226,0.256526,0.184077,0.0471666
0.14962,0.574446,0.962241,0.226,0.256526,0.184077,0.0471666
0.14962,0.574446,0.962241,0.226,0.256526,0.184077,0.0471666
0.14962,0.574446,0.962241,0.226,0.256526,0.184077,0.0471666
0.14962,0.574446,0.962241,0.226,0.256526,0.184077,0.0471666
0.146882,0.5795,0.957798,0.226833,0.263298,0.180642,0.0462061
0.146882,0.5795,0.957798,0.226833,0.263298,0.180642,0.0462061
0.146882,0.5795,0.957798,0.226833,0.263298,0.180642,0.0462061
0.146882,0.5795,0.957798,0.226833,0.263298,0.180642,0.0462061
0.146882,0.5795,0.957798,0.226833,0.263298,0.180642,0.0462061
0.146882,0.5795,0.957798,0.226833,0.263298,0.180642,0.0462061
0.149332,0.578486,0.957937,0.218732,0.257588,0.182602,0.0438092
0.149332,0.578486,0.957937,0.218732,0.257588,0.182602,0.0438092
0.149332,0.578486,0.957937,0.218732,0.257588,0.182602,0.0438092
0.149332,0.578486,0.957937,0.218732,0.257588,0.182602,0.0438092
0.149332,0.578486,0.957937,0.218732,0.257588,0.182602,0.0438092
0.149332,0.578486,0.957937,0.218732,0.257588,0.182602,0.0438092
0.149332,0.578486,0.957937,0.218732,0.257588,0.182602,0.0438092
0.149332,0.578486,0.957937,0.218732,0.257588,0.182602,0.0438092
0.149332,0.578486,0.957937,0.218732,0.257588,0.182602,0.0438092
0.149332,0.578486,0.957937,0.218732,0.257588,0.182602,0.0438092
0.149332,0.578486,0.957937,0.218732,0.257588,0.182602,0.0438092
0.149332,0.578486,0.957937,0.218732,0.257588,0.182602,0.0438092
0.149332,0.578486,0.957937,0.218732,0.257588,0.182602,0.0438092
0.149332,0.578486,0.957937,0.218732,0.257588,0.182602,0.0438092
0.149332,0.578486,0.957937,0.218732,0.257588,0.182602,0.0438092
0.149332,0.578486,0.957937,0.218732,0.257588,0.182602,0.0438092
0.149332,0.578486,0.957937,0.218732,0.257588,0.182602,0.0438092
0.149332,0.578486,0.957937,0.218732,0.257588,0.182602,0.0438092
0.149332,0.578486,0.957937,0.218732,0.257588,0.182602,0.0438092
0.149332,0.578486,0.957937,0.218732,0.257588,0.182602,0.0438092
0.149332,0.578486,0.957937,0.218732,0.257588,0.182602,0.0438092
0.149332,0.578486,0.957937,0.218732,0.257588,0.182602,0.0438092
0.149332,0.578486,0.957937,0.218732,0.257588,0.182602,0.0438092
0.149332,0.578486,0.957937,0.218732,0.257588,0.182602,0.0438092
0.149332,0.578486,0.957937,0.218732,0.257588,0.182602,0.0438092
0.149332,0.578486,0.957937,0.218732,0.257588,0.182602,0.0438092
0.149332,0.578486,0.957937,0.218732,0.257588,0.182602,0.0438092
0.149332,0.578486,0.957937,0.218732,0.257588,0.182602,0.0438092
0.149332,0.578486,0.957937,0.218732,0.257588,0.182602,0.0438092
0.149332,0.578486,0.957937,0.218732,0.257588,0.182602,0.0438092
0.149332,0.578486,0.957937,0.218732,0.257588,0.182602,0.0438092
0.149332,0.578486,0.957937,0.218732,0.257588,0.182602,0.0438092
0.149332,0.578486,0.957937,0.218732,0.257588,0.182602,0.0438092
0.149332,0.578486,0.957937,0.218732,0.257588,0.182602,0.0438092
0.149332,0.578486,0.957937,0.218732,0.257588,0.182602,0.0438092
0.149332,0.578486,0.957937,0.218732,0.257588,0.182602,0.0438092
0.149332,0.578486,0.957937,0.218732,0.257588,0.182602,0.0438092
0.149332,0.578486,0.957937,0.218732,0.257588,0.182602,0.0438092
0.149332,0.578486,0.957937,0.218732,0.257588,0.182602,0.0438092
0.149332,0.578486,0.957937,0.218732,0.257588,0.182602,0.0438092
0.149332,0.578486,0.957937,0.218732,0.257588,0.182602,0.0438092
0.149332,0.578486,0.957937,0.218732,0.257588,0.182602,0.0438092
0.165811,0.745685,0.9592,0.220111,0.220603,0.18372,0.0434948
0.165811,0.745685,0.9592,0.220111,0.220603,0.18372,0.0434948
0.165811,0.745685,0.9592,0.220111,0.220603,0.18372,0.0434948
0.165811,0.745685,0.9592,0.220111,0.220603,0.18372,0.0434948
0.165811,0.745685,0.9592,0.220111,0.220603,0.18372,0.0434948
0.165811,0.745685,0.9592,0.220111,0.220603,0.18372,0.0434948
0.165811,0.745685,0.9592,0.220111,0.220603,0.18372,0.0434948
0.165811,0.745685,0.9592,0.220111,0.220603,0.18372,0.0434948
0.165811,0.745685,0.9592,0.220111,0.220603,0.18372,0.0434948
0.146954,0.586314,0.967913,0.19586,0.0902658,0.184527,0.0314195
0.146954,0.586314,0.967913,0.19586,0.0902658,0.184527,0.0314195
0.146954,0.586314,0.967913,0.19586,0.0902658,0.184527,0.0314195
0.146954,0.586314,0.967913,0.19586,0.0902658,0.184527,0.0314195
0.146954,0.586314,0.967913,0.19586,0.0902658,0.184527,0.0314195
0.146954,0.586314,0.967913,0.19586,0.0902658,0.184527,0.0314195
0.146954,0.586314,0.967913,0.19586,0.0902658,0.184527,0.0314195
0.146954,0.586314,0.967913,0.19586,0.0902658,0.184527,0.0314195
0.146954,0.586314,0.967913,0.19586,0.0902658,0.184527,0.0314195
0.152757,0.596201,0.967017,0.195782,0.0895916,0.184527,0.0303126
0.152757,0.596201,0.967017,0.195782,0.0895916,0.184527,0.0303126
0.152757,0.596201,0.967017,0.195782,0.0895916,0.184527,0.0303126
0.152757,0.596201,0.967017,0.195782,0.0895916,0.184527,0.0303126
0.152757,0.596201,0.967017,0.195782,0.0895916,0.184527,0.0303126
0.152757,0.596201,0.967017,0.195782,0.0895916,0.184527,0.0303126
0.152757,0.596201,0.967017,0.195782,0.0895916,0.184527,0.0303126
0.152757,0.596201,0.967017,0.195782,0.0895916,0.184527,0.0303126
0.152757,0.596201,0.967017,0.195782,0.0895916,0.184527,0.0303126
0.152757,0.596201,0.967017,0.195782,0.0895916,0.184527,0.0303126
0.152757,0.596201,0.967017,0.195782,0.0895916,0.184527,0.0303126
0.152757,0.596201,0.967017,0.195782,0.0895916,0.184527,0.0303126
0.152757,0.596201,0.967017,0.195782,0.0895916,0.184527,0.0303126
0.152757,0.596201,0.967017,0.195782,0.0895916,0.184527,0.0303126
0.152757,0.596201,0.967017,0.195782,0.0895916,0.184527,0.0303126
0.152757,0.596201,0.967017,0.195782,0.0895916,0.184527,0.0303126
0.152757,0.596201,0.967017,0.195782,0.0895916,0.184527,0.0303126
0.152757,0.596201,0.967017,0.195782,0.0895916,0.184527,0.0303126
0.152757,0.596201,0.967017,0.195782,0.0895916,0.184527,0.0303126
0.152757,0.596201,0.967017,0.195782,0.0895916,0.184527,0.0303126
0.152757,0.596201,0.967017,0.195782,0.0895916,0.184527,0.0303126
0.152757,0.596201,0.967017,0.195782,0.0895916,0.184527,0.0303126
0.152757,0.596201,0.967017,0.195782,0.0895916,0.184527,0.0303126
0.152757,0.596201,0.967017,0.195782,0.0895916,0.184527,0.0303126
0.152757,0.596201,0.967017,0.195782,0.0895916,0.184527,0.0303126
0.152757,0.596201,0.967017,0.195782,0.0895916,0.184527,0.0303126
0.152757,0.596201,0.967017,0.195782,0.0895916,0.184527,0.0303126
0.152757,0.596201,0.967017,0.195782,0.0895916,0.184527,0.0303126
0.149354,0.592136,0.967288,0.195435,0.0978478,0.183925,0.0298286
0.149354,0.592136,0.967288,0.195435,0.0978478,0.183925,0.0298286
0.149354,0.592136,0.967288,0.195435,0.0978478,0.183925,0.0298286
0.149354,0.592136,0.967288,0.195435,0.0978478,0.183925,0.0298286
0.149354,0.592136,0.967288,0.195435,0.0978478,0.183925,0.0298286
0.149354,0.592136,0.967288,0.195435,0.0978478,0.183925,0.0298286
0.149354,0.592136,0.967288,0.195435,0.0978478,0.183925,0.0298286
0.149354,0.592136,0.967288,0.195435,0.0978478,0.183925,0.0298286
0.149354,0.592136,0.967288,0.195435,0.0978478,0.183925,0.0298286
0.149354,0.592136,0.967288,0.195435,0.0978478,0.183925,0.0298286
0.149354,0.592136,0.967288,0.195435,0.0978478,0.183925,0.0298286
0.149354,0.592136,0.967288,0.195435,0.0978478,0.183925,0.0298286
0.149354,0.592136,0.967288,0.195435,0.0978478,0.183925,0.0298286
0.149354,0.592136,0.967288,0.195435,0.0978478,0.183925,0.0298286
0.149354,0.592136,0.967288,0.195435,0.0978478,0.183925,0.0298286
0.149354,0.592136,0.967288,0.195435,0.0978478,0.183925,0.0298286
0.149354,0.592136,0.967288,0.195435,0.0978478,0.183925,0.0298286
0.149354,0.592136,0.967288,0.195435,0.0978478,0.183925,0.0298286
0.149354,0.592136,0.967288,0.195435,0.0978478,0.183925,0.0298286
0.149354,0.592136,0.967288,0.195435,0.0978478,0.183925,0.0298286
0.149354,0.592136,0.967288,0.195435,0.0978478,0.183925,0.0298286
0.149354,0.592136,0.967288,0.195435,0.0978478,0.183925,0.0298286
0.149354,0.592136,0.967288,0.195435,0.0978478,0.183925,0.0298286
0.149354,0.592136,0.967288,0.195435,0.0978478,0.183925,0.0298286
0.149354,0.592136,0.967288,0.195435,0.0978478,0.183925,0.0298286
0.149354,0.592136,0.967288,0.195435,0.0978478,0.183925,0.0298286
0.149354,0.592136,0.967288,0.195435,0.0978478,0.183925,0.0298286
0.149354,0.592136,0.967288,0.195435,0.0978478,0.183925,0.0298286
0.148909,0.572592,0.966364,0.194202,0.146229,0.185472,0.029424
0.148909,0.572592,0.966364,0.194202,0.146229,0.185472,0.029424
0.148909,0.572592,0.966364,0.194202,0.146229,0.185472,0.029424
0.148909,0.572592,0.966364,0.194202,0.146229,0.185472,0.029424
0.148909,0.572592,0.966364,0.194202,0.146229,0.185472,0.029424
0.148909,0.572592,0.966364,0.194202,0.146229,0.185472,0.029424
0.148909,0.572592,0.966364,0.194202,0.146229,0.185472,0.029424
0.148909,0.572592,0.966364,0.194202,0.146229,0.185472,0.029424
0.148909,0.572592,0.966364,0.194202,0.146229,0.185472,0.029424
0.148909,0.572592,0.966364,0.194202,0.146229,0.185472,0.029424
0.148909,0.572592,0.966364,0.194202,0.146229,0.185472,0.029424
0.148909,0.572592,0.966364,0.194202,0.146229,0.185472,0.029424
0.148909,0.572592,0.966364,0.194202,0.146229,0.185472,0.029424
0.148909,0.572592,0.966364,0.194202,0.146229,0.185472,0.029424
0.148909,0.572592,0.966364,0.194202,0.146229,0.185472,0.029424
0.148909,0.572592,0.966364,0.194202,0.146229,0.185472,0.029424
0.148909,0.572592,0.966364,0.194202,0.146229,0.185472,0.029424
0.148909,0.572592,0.966364,0.194202,0.146229,0.185472,0.029424
0.148909,0.572592,0.966364,0.194202,0.146229,0.185472,0.029424
0.148909,0.572592,0.966364,0.194202,0.146229,0.185472,0.029424
0.148909,0.572592,0.966364,0.194202,0.146229,0.185472,0.029424
0.148909,0.572592,0.966364,0.194202,0.146229,0.185472,0.029424
0.148909,0.572592,0.966364,0.194202,0.146229,0.185472,0.029424
0.148909,0.572592,0.966364,0.194202,0.146229,0.185472,0.029424
0.148909,0.572592,0.966364,0.194202,0.146229,0.185472,0.029424
0.148909,0.572592,0.966364,0.194202,0.146229,0.185472,0.029424
0.148909,0.572592,0.966364,0.194202,0.146229,0.185472,0.029424
0.148909,0.572592,0.966364,0.194202,0.146229,0.185472,0.029424
0.148909,0.572592,0.966364,0.194202,0.146229,0.185472,0.029424
0.148909,0.572592,0.966364,0.194202,0.146229,0.185472,0.029424
0.148909,0.572592,0.966364,0.194202,0.146229,0.185472,0.029424
0.149874,0.573228,0.967181,0.19351,0.138358,0.185759,0.0292885
0.149874,0.573228,0.967181,0.19351,0.138358,0.185759,0.0292885
0.149874,0.573228,0.967181,0.19351,0.138358,0.185759,0.0292885
0.149874,0.573228,0.967181,0.19351,0.138358,0.185759,0.0292885
0.149874,0.573228,0.967181,0.19351,0.138358,0.185759,0.0292885
0.149874,0.573228,0.967181,0.19351,0.138358,0.185759,0.0292885
0.149874,0.573228,0.967181,0.19351,0.138358,0.185759,0.0292885
0.149874,0.573228,0.967181,0.19351,0.138358,0.185759,0.0292885
0.149874,0.573228,0.967181,0.19351,0.138358,0.185759,0.0292885
0.149874,0.573228,0.967181,0.19351,0.138358,0.185759,0.0292885
0.149874,0.573228,0.967181,0.19351,0.138358,0.185759,0.0292885
0.149874,0.573228,0.967181,0.19351,0.138358,0.185759,0.0292885
0.149874,0.573228,0.967181,0.19351,0.138358,0.185759,0.0292885
0.149874,0.573228,0.967181,0.19351,0.138358,0.185759,0.0292885
0.149874,0.573228,0.967181,0.19351,0.138358,0.185759,0.0292885
0.149874,0.573228,0.967181,0.19351,0.138358,0.185759,0.0292885
0.149874,0.573228,0.967181,0.19351,0.138358,0.185759,0.0292885
0.1499,0.572294,0.967458,0.194525,0.134999,0.184787,0.0292856
0.1499,0.572294,0.967458,0.194525,0.134999,0.184787,0.0292856
0.1499,0.572294,0.967458,0.194525,0.134999,0.184787,0.0292856
0.1499,0.572294,0.967458,0.194525,0.134999,0.184787,0.0292856
0.1499,0.572294,0.967458,0.194525,0.134999,0.184787,0.0292856
0.1499,0.572294,0.967458,0.194525,0.134999,0.184787,0.0292856
0.1499,0.572294,0.967458,0.194525,0.134999,0.184787,0.0292856
0.149285,0.585106,0.96733,0.194482,0.126421,0.183933,0.0289521
0.147307,0.570895,0.966563,0.194443,0.124727,0.183636,0.0287261
0.147307,0.570895,0.966563,0.194443,0.124727,0.183636,0.0287261
0.147307,0.570895,0.966563,0.194443,0.124727,0.183636,0.0287261
0.147307,0.570895,0.966563,0.194443,0.124727,0.183636,0.0287261
0.147307,0.570895,0.966563,0.194443,0.124727,0.183636,0.0287261
0.147307,0.570895,0.966563,0.194443,0.124727,0.183636,0.0287261
0.147307,0.570895,0.966563,0.194443,0.124727,0.183636,0.0287261
0.147307,0.570895,0.966563,0.194443,0.124727,0.183636,0.0287261
0.147307,0.570895,0.966563,0.194443,0.124727,0.183636,0.0287261
0.147307,0.570895,0.966563,0.194443,0.124727,0.183636,0.0287261
0.152565,0.57756,0.967092,0.181803,0.140849,0.184056,0.0272652
0.152565,0.57756,0.967092,0.181803,0.140849,0.184056,0.0272652
0.152565,0.57756,0.967092,0.181803,0.140849,0.184056,0.0272652
0.152565,0.57756,0.967092,0.181803,0.140849,0.184056,0.0272652
0.152565,0.57756,0.967092,0.181803,0.140849,0.184056,0.0272652
0.15168,0.578956,0.967613,0.183785,0.136791,0.185396,0.0269921
0.149699,0.579707,0.967331,0.188068,0.13281,0.184765,0.0267296
0.149699,0.579707,0.967331,0.188068,0.13281,0.184765,0.0267296
0.149699,0.579707,0.967331,0.188068,0.13281,0.184765,0.0267296
0.149699,0.579707,0.967331,0.188068,0.13281,0.184765,0.0267296
0.149699,0.579707,0.967331,0.188068,0.13281,0.184765,0.0267296
0.149699,0.579707,0.967331,0.188068,0.13281,0.184765,0.0267296
0.149699,0.579707,0.967331,0.188068,0.13281,0.184765,0.0267296
0.149699,0.579707,0.967331,0.188068,0.13281,0.184765,0.0267296
0.149699,0.579707,0.967331,0.188068,0.13281,0.184765,0.0267296
0.149699,0.579707,0.967331,0.188068,0.13281,0.184765,0.0267296
0.149699,0.579707,0.967331,0.188068,0.13281,0.184765,0.0267296
0.149699,0.579707,0.967331,0.188068,0.13281,0.184765,0.0267296
0.149699,0.579707,0.967331,0.188068,0.13281,0.184765,0.0267296
0.149699,0.579707,0.967331,0.188068,0.13281,0.184765,0.0267296
0.149699,0.579707,0.967331,0.188068,0.13281,0.184765,0.0267296
0.149024,0.584751,0.967331,0.187761,0.131094,0.185066,0.026703
0.149024,0.584751,0.967331,0.187761,0.131094,0.185066,0.026703
0.149024,0.584751,0.967331,0.187761,0.131094,0.185066,0.026703
0.149024,0.584751,0.967331,0.187761,0.131094,0.185066,0.026703
0.149024,0.584751,0.967331,0.187761,0.131094,0.185066,0.026703
0.149024,0.584751,0.967331,0.187761,0.131094,0.185066,0.026703
0.149024,0.584751,0.967331,0.187761,0.131094,0.185066,0.026703
0.149024,0.584751,0.967331,0.187761,0.131094,0.185066,0.026703
0.149024,0.584751,0.967331,0.187761,0.131094,0.185066,0.026703
0.149024,0.584751,0.967331,0.187761,0.131094,0.185066,0.026703
0.149024,0.584751,0.967331,0.187761,0.131094,0.185066,0.026703
0.149024,0.584751,0.967331,0.187761,0.131094,0.185066,0.026703
0.149024,0.584751,0.967331,0.187761,0.131094,0.185066,0.026703
0.149024,0.584751,0.967331,0.187761,0.131094,0.185066,0.026703
0.149024,0.584751,0.967331,0.187761,0.131094,0.185066,0.026703
0.149024,0.584751,0.967331,0.187761,0.131094,0.185066,0.026703
0.149024,0.584751,0.967331,0.187761,0.131094,0.185066,0.026703
0.149024,0.584751,0.967331,0.187761,0.131094,0.185066,0.026703
0.149024,0.584751,0.967331,0.187761,0.131094,0.185066,0.026703
0.149024,0.584751,0.967331,0.187761,0.131094,0.185066,0.026703
0.149024,0.584751,0.967331,0.187761,0.131094,0.185066,0.026703
0.149024,0.584751,0.967331,0.187761,0.131094,0.185066,0.026703
0.149024,0.584751,0.967331,0.187761,0.131094,0.185066,0.026703
0.149024,0.584751,0.967331,0.187761,0.131094,0.185066,0.026703
0.149024,0.584751,0.967331,0.187761,0.131094,0.185066,0.026703
0.149024,0.584751,0.967331,0.187761,0.131094,0.185066,0.026703
0.149024,0.584751,0.967331,0.187761,0.131094,0.185066,0.026703
0.149024,0.584751,0.967331,0.187761,0.131094,0.185066,0.026703
0.149024,0.584751,0.967331,0.187761,0.131094,0.185066,0.026703
0.149024,0.584751,0.967331,0.187761,0.131094,0.185066,0.026703
0.149024,0.584751,0.967331,0.187761,0.131094,0.185066,0.026703
0.149024,0.584751,0.967331,0.187761,0.131094,0.185066,0.026703
0.149024,0.584751,0.967331,0.187761,0.131094,0.185066,0.026703
0.149024,0.584751,0.967331,0.187761,0.131094,0.185066,0.026703
0.149024,0.584751,0.967331,0.187761,0.131094,0.185066,0.026703
0.149024,0.584751,0.967331,0.187761,0.131094,0.185066,0.026703
0.149024,0.584751,0.967331,0.187761,0.131094,0.185066,0.026703
0.149024,0.584751,0.967331,0.187761,0.131094,0.185066,0.026703
0.149024,0.584751,0.967331,0.187761,0.131094,0.185066,0.026703
0.149024,0.584751,0.967331,0.187761,0.131094,0.185066,0.026703
0.149024,0.584751,0.967331,0.187761,0.131094,0.185066,0.026703
0.150062,0.586077,0.965497,0.168069,0.129984,0.18505,0.0260796
0.150062,0.586077,0.965497,0.168069,0.129984,0.18505,0.0260796
0.150062,0.586077,0.965497,0.168069,0.129984,0.18505,0.0260796
0.150062,0.586077,0.965497,0.168069,0.129984,0.18505,0.0260796
0.150062,0.586077,0.965497,0.168069,0.129984,0.18505,0.0260796
0.150062,0.586077,0.965497,0.168069,0.129984,0.18505,0.0260796
0.150062,0.586077,0.965497,0.168069,0.129984,0.18505,0.0260796
0.150062,0.586077,0.965497,0.168069,0.129984,0.18505,0.0260796
0.150062,0.586077,0.965497,0.168069,0.129984,0.18505,0.0260796
0.150062,0.586077,0.965497,0.168069,0.129984,0.18505,0.0260796
0.150062,0.586077,0.965497,0.168069,0.129984,0.18505,0.0260796
0.150062,0.586077,0.965497,0.168069,0.129984,0.18505,0.0260796
0.150062,0.586077,0.965497,0.168069,0.129984,0.18505,0.0260796
0.150062,0.586077,0.965497,0.168069,0.129984,0.18505,0.0260796
0.150062,0.586077,0.965497,0.168069,0.129984,0.18505,0.0260796
0.153785,0.617431,0.965719,0.172054,0.130529,0.185109,0.0253456
0.153785,0.617431,0.965719,0.172054,0.130529,0.185109,0.0253456
0.153785,0.617431,0.965719,0.172054,0.130529,0.185109,0.0253456
0.153785,0.617431,0.965719,0.172054,0.130529,0.185109,0.0253456
0.153785,0.617431,0.965719,0.172054,0.130529,0.185109,0.0253456
0.153785,0.617431,0.965719,0.172054,0.130529,0.185109,0.0253456
0.153785,0.617431,0.965719,0.172054,0.130529,0.185109,0.0253456
0.153785,0.617431,0.965719,0.172054,0.130529,0.185109,0.0253456
0.153785,0.617431,0.965719,0.172054,0.130529,0.185109,0.0253456
0.153785,0.617431,0.965719,0.172054,0.130529,0.185109,0.0253456
0.153785,0.617431,0.965719,0.172054,0.130529,0.185109,0.0253456
0.153785,0.617431,0.965719,0.172054,0.130529,0.185109,0.0253456
0.153785,0.617431,0.965719,0.172054,0.130529,0.185109,0.0253456
0.153785,0.617431,0.965719,0.172054,0.130529,0.185109,0.0253456
0.153785,0.617431,0.965719,0.172054,0.130529,0.185109,0.0253456
0.153785,0.617431,0.965719,0.172054,0.130529,0.185109,0.0253456
0.153785,0.617431,0.965719,0.172054,0.130529,0.185109,0.0253456
0.153785,0.617431,0.965719,0.172054,0.130529,0.185109,0.0253456
0.153785,0.617431,0.965719,0.172054,0.130529,0.185109,0.0253456
0.153785,0.617431,0.965719,0.172054,0.130529,0.185109,0.0253456
0.153785,0.617431,0.965719,0.172054,0.130529,0.185109,0.0253456
0.15114,0.62705,0.96533,0.172054,0.128835,0.184398,0.0252627
0.152436,0.619114,0.965207,0.171448,0.13003,0.184359,0.0247209
0.152436,0.619114,0.965207,0.171448,0.13003,0.184359,0.0247209
0.152436,0.619114,0.965207,0.171448,0.13003,0.184359,0.0247209
0.152436,0.619114,0.965207,0.171448,0.13003,0.184359,0.0247209
0.152436,0.619114,0.965207,0.171448,0.13003,0.184359,0.0247209
0.152436,0.619114,0.965207,0.171448,0.13003,0.184359,0.0247209
0.152436,0.619114,0.965207,0.171448,0.13003,0.184359,0.0247209
0.152436,0.619114,0.965207,0.171448,0.13003,0.184359,0.0247209
0.152436,0.619114,0.965207,0.171448,0.13003,0.184359,0.0247209
0.152436,0.619114,0.965207,0.171448,0.13003,0.184359,0.0247209
0.152436,0.619114,0.965207,0.171448,0.13003,0.184359,0.0247209
0.152436,0.619114,0.965207,0.171448,0.13003,0.184359,0.0247209
0.152436,0.619114,0.965207,0.171448,0.13003,0.184359,0.0247209
0.152436,0.619114,0.965207,0.171448,0.13003,0.184359,0.0247209
0.152436,0.619114,0.965207,0.171448,0.13003,0.184359,0.0247209
0.152436,0.619114,0.965207,0.171448,0.13003,0.184359,0.0247209
0.152436,0.619114,0.965207,0.171448,0.13003,0.184359,0.0247209
0.152436,0.619114,0.965207,0.171448,0.13003,0.184359,0.0247209
0.152436,0.619114,0.965207,0.171448,0.13003,0.184359,0.0247209
0.152436,0.619114,0.965207,0.171448,0.13003,0.184359,0.0247209
0.152436,0.619114,0.965207,0.171448,0.13003,0.184359,0.0247209
0.152436,0.619114,0.965207,0.171448,0.13003,0.184359,0.0247209
0.152436,0.619114,0.965207,0.171448,0.13003,0.184359,0.0247209
0.152436,0.619114,0.965207,0.171448,0.13003,0.184359,0.0247209
0.152436,0.619114,0.965207,0.171448,0.13003,0.184359,0.0247209
0.152436,0.619114,0.965207,0.171448,0.13003,0.184359,0.0247209
0.152436,0.619114,0.965207,0.171448,0.13003,0.184359,0.0247209
0.152436,0.619114,0.965207,0.171448,0.13003,0.184359,0.0247209
0.159436,0.628597,0.965508,0.17258,0.0947245,0.184275,0.0246482
0.15484,0.648953,0.964267,0.18436,0.118704,0.184641,0.0245931
0.15484,0.648953,0.964267,0.18436,0.118704,0.184641,0.0245931
0.15484,0.648953,0.964267,0.18436,0.118704,0.184641,0.0245931
0.15484,0.648953,0.964267,0.18436,0.118704,0.184641,0.0245931
0.15484,0.648953,0.964267,0.18436,0.118704,0.184641,0.0245931
0.15484,0.648953,0.964267,0.18436,0.118704,0.184641,0.0245931
0.15484,0.648953,0.964267,0.18436,0.118704,0.184641,0.0245931
0.15484,0.648953,0.964267,0.18436,0.118704,0.184641,0.0245931
0.15484,0.648953,0.964267,0.18436,0.118704,0.184641,0.0245931
0.15484,0.648953,0.964267,0.18436,0.118704,0.184641,0.0245931
0.15484,0.648953,0.964267,0.18436,0.118704,0.184641,0.0245931
0.15484,0.648953,0.964267,0.18436,0.118704,0.184641,0.0245931
0.15484,0.648953,0.964267,0.18436,0.118704,0.184641,0.0245931
0.15484,0.648953,0.964267,0.18436,0.118704,0.184641,0.0245931
0.154298,0.627898,0.965275,0.182134,0.125894,0.184615,0.0245142
0.154298,0.627898,0.965275,0.182134,0.125894,0.184615,0.0245142
0.154298,0.627898,0.965275,0.182134,0.125894,0.184615,0.0245142
0.154298,0.627898,0.965275,0.182134,0.125894,0.184615,0.0245142
0.154298,0.627898,0.965275,0.182134,0.125894,0.184615,0.0245142
0.154298,0.627898,0.965275,0.182134,0.125894,0.184615,0.0245142
0.150568,0.605289,0.96673,0.182288,0.115832,0.18473,0.0244193
0.150568,0.605289,0.96673,0.182288,0.115832,0.18473,0.0244193
0.150568,0.605289,0.96673,0.182288,0.115832,0.18473,0.0244193
0.150568,0.605289,0.96673,0.182288,0.115832,0.18473,0.0244193
0.150568,0.605289,0.96673,0.182288,0.115832,0.18473,0.0244193
0.150568,0.605289,0.96673,0.182288,0.115832,0.18473,0.0244193
0.158402,0.644659,0.966185,0.178535,0.117719,0.184008,0.0243963
0.158402,0.644659,0.966185,0.178535,0.117719,0.184008,0.0243963
0.158402,0.644659,0.966185,0.178535,0.117719,0.184008,0.0243963
0.158402,0.644659,0.966185,0.178535,0.117719,0.184008,0.0243963
0.156936,0.639793,0.966207,0.178529,0.120205,0.18417,0.0240745
0.156936,0.639793,0.966207,0.178529,0.120205,0.18417,0.0240745
0.156936,0.639793,0.966207,0.178529,0.120205,0.18417,0.0240745
0.158118,0.631644,0.966103,0.170492,0.105858,0.183502,0.024006
0.158118,0.631644,0.966103,0.170492,0.105858,0.183502,0.024006
0.158118,0.631644,0.966103,0.170492,0.105858,0.183502,0.024006
0.158118,0.631644,0.966103,0.170492,0.105858,0.183502,0.024006
0.158118,0.631644,0.966103,0.170492,0.105858,0.183502,0.024006
0.158118,0.631644,0.966103,0.170492,0.105858,0.183502,0.024006
0.158118,0.631644,0.966103,0.170492,0.105858,0.183502,0.024006
0.158118,0.631644,0.966103,0.170492,0.105858,0.183502,0.024006
0.158118,0.631644,0.966103,0.170492,0.105858,0.183502,0.024006
0.158118,0.631644,0.966103,0.170492,0.105858,0.183502,0.024006
0.158118,0.631644,0.966103,0.170492,0.105858,0.183502,0.024006
0.158118,0.631644,0.966103,0.170492,0.105858,0.183502,0.024006
0.158118,0.631644,0.966103,0.170492,0.105858,0.183502,0.024006
0.158118,0.631644,0.966103,0.170492,0.105858,0.183502,0.024006
0.158118,0.631644,0.966103,0.170492,0.105858,0.183502,0.024006
0.158118,0.631644,0.966103,0.170492,0.105858,0.183502,0.024006
0.158118,0.631644,0.966103,0.170492,0.105858,0.183502,0.024006
0.158118,0.631644,0.966103,0.170492,0.105858,0.183502,0.024006
0.158118,0.631644,0.966103,0.170492,0.105858,0.183502,0.024006
0.158118,0.631644,0.966103,0.170492,0.105858,0.183502,0.024006
0.158118,0.631644,0.966103,0.170492,0.105858,0.183502,0.024006
0.158118,0.631644,0.966103,0.170492,0.105858,0.183502,0.024006
0.158118,0.631644,0.966103,0.170492,0.105858,0.183502,0.024006
0.158118,0.631644,0.966103,0.170492,0.105858,0.183502,0.024006
0.158118,0.631644,0.966103,0.170492,0.105858,0.183502,0.024006
0.158118,0.631644,0.966103,0.170492,0.105858,0.183502,0.024006
0.152891,0.627219,0.966687,0.173832,0.111373,0.183527,0.023041
0.152891,0.627219,0.966687,0.173832,0.111373,0.183527,0.023041
0.152891,0.627219,0.966687,0.173832,0.111373,0.183527,0.023041
0.152891,0.627219,0.966687,0.173832,0.111373,0.183527,0.023041
0.152891,0.627219,0.966687,0.173832,0.111373,0.183527,0.023041
0.152891,0.627219,0.966687,0.173832,0.111373,0.183527,0.023041
0.152891,0.627219,0.966687,0.173832,0.111373,0.183527,0.023041
0.152891,0.627219,0.966687,0.173832,0.111373,0.183527,0.023041
0.152891,0.627219,0.966687,0.173832,0.111373,0.183527,0.023041
0.152891,0.627219,0.966687,0.173832,0.111373,0.183527,0.023041
0.152891,0.627219,0.966687,0.173832,0.111373,0.183527,0.023041
0.153268,0.618086,0.965906,0.173098,0.112977,0.183816,0.0227452
0.153268,0.618086,0.965906,0.173098,0.112977,0.183816,0.0227452
0.153268,0.618086,0.965906,0.173098,0.112977,0.183816,0.0227452
0.153268,0.618086,0.965906,0.173098,0.112977,0.183816,0.0227452
0.153268,0.618086,0.965906,0.173098,0.112977,0.183816,0.0227452
0.153268,0.618086,0.965906,0.173098,0.112977,0.183816,0.0227452
0.153268,0.618086,0.965906,0.173098,0.112977,0.183816,0.0227452
0.153268,0.618086,0.965906,0.173098,0.112977,0.183816,0.0227452
0.153268,0.618086,0.965906,0.173098,0.112977,0.183816,0.0227452
0.153268,0.618086,0.965906,0.173098,0.112977,0.183816,0.0227452
0.153268,0.618086,0.965906,0.173098,0.112977,0.183816,0.0227452
0.153268,0.618086,0.965906,0.173098,0.112977,0.183816,0.0227452
0.153268,0.618086,0.965906,0.173098,0.112977,0.183816,0.0227452
0.153268,0.618086,0.965906,0.173098,0.112977,0.183816,0.0227452
0.153268,0.618086,0.965906,0.173098,0.112977,0.183816,0.0227452
0.153268,0.618086,0.965906,0.173098,0.112977,0.183816,0.0227452
0.153268,0.618086,0.965906,0.173098,0.112977,0.183816,0.0227452
0.153268,0.618086,0.965906,0.173098,0.112977,0.183816,0.0227452
0.153268,0.618086,0.965906,0.173098,0.112977,0.183816,0.0227452
0.153268,0.618086,0.965906,0.173098,0.112977,0.183816,0.0227452
0.153268,0.618086,0.965906,0.173098,0.112977,0.183816,0.0227452
0.153268,0.618086,0.965906,0.173098,0.112977,0.183816,0.0227452
0.153268,0.618086,0.965906,0.173098,0.112977,0.183816,0.0227452
0.153268,0.618086,0.965906,0.173098,0.112977,0.183816,0.0227452
0.153268,0.618086,0.965906,0.173098,0.112977,0.183816,0.0227452
0.153268,0.618086,0.965906,0.173098,0.112977,0.183816,0.0227452
0.153268,0.618086,0.965906,0.173098,0.112977,0.183816,0.0227452
0.153268,0.618086,0.965906,0.173098,0.112977,0.183816,0.0227452
0.153268,0.618086,0.965906,0.173098,0.112977,0.183816,0.0227452
0.153268,0.618086,0.965906,0.173098,0.112977,0.183816,0.0227452
0.153268,0.618086,0.965906,0.173098,0.112977,0.183816,0.0227452
0.153268,0.618086,0.965906,0.173098,0.112977,0.183816,0.0227452
0.153268,0.618086,0.965906,0.173098,0.112977,0.183816,0.0227452
0.153268,0.618086,0.965906,0.173098,0.112977,0.183816,0.0227452
0.153268,0.618086,0.965906,0.173098,0.112977,0.183816,0.0227452
0.153268,0.618086,0.965906,0.173098,0.112977,0.183816,0.0227452
0.153268,0.618086,0.965906,0.173098,0.112977,0.183816,0.0227452
0.153268,0.618086,0.965906,0.173098,0.112977,0.183816,0.0227452
0.153268,0.618086,0.965906,0.173098,0.112977,0.183816,0.0227452
0.153268,0.618086,0.965906,0.173098,0.112977,0.183816,0.0227452
0.153268,0.618086,0.965906,0.173098,0.112977,0.183816,0.0227452
0.153268,0.618086,0.965906,0.173098,0.112977,0.183816,0.0227452
0.153268,0.618086,0.965906,0.173098,0.112977,0.183816,0.0227452
0.153268,0.618086,0.965906,0.173098,0.112977,0.183816,0.0227452
0.153268,0.618086,0.965906,0.173098,0.112977,0.183816,0.0227452
0.153268,0.618086,0.965906,0.173098,0.112977,0.183816,0.0227452
0.153268,0.618086,0.965906,0.173098,0.112977,0.183816,0.0227452
0.153268,0.618086,0.965906,0.173098,0.112977,0.183816,0.0227452
0.153268,0.618086,0.965906,0.173098,0.112977,0.183816,0.0227452
0.153268,0.618086,0.965906,0.173098,0.112977,0.183816,0.0227452
0.153268,0.618086,0.965906,0.173098,0.112977,0.183816,0.0227452
0.153268,0.618086,0.965906,0.173098,0.112977,0.183816,0.0227452
0.153268,0.618086,0.965906,0.173098,0.112977,0.183816,0.0227452
0.148442,0.605196,0.965897,0.171705,0.0942584,0.183765,0.0225397
0.151393,0.608003,0.9656,0.172233,0.10455,0.18493,0.0223735
0.151393,0.608003,0.9656,0.172233,0.10455,0.18493,0.0223735
0.151393,0.608003,0.9656,0.172233,0.10455,0.18493,0.0223735
0.151393,0.608003,0.9656,0.172233,0.10455,0.18493,0.0223735
0.151393,0.608003,0.9656,0.172233,0.10455,0.18493,0.0223735
0.151393,0.608003,0.9656,0.172233,0.10455,0.18493,0.0223735
0.151393,0.608003,0.9656,0.172233,0.10455,0.18493,0.0223735
0.151393,0.608003,0.9656,0.172233,0.10455,0.18493,0.0223735
0.151393,0.608003,0.9656,0.172233,0.10455,0.18493,0.0223735
0.151393,0.608003,0.9656,0.172233,0.10455,0.18493,0.0223735
0.151393,0.608003,0.9656,0.172233,0.10455,0.18493,0.0223735
0.151393,0.608003,0.9656,0.172233,0.10455,0.18493,0.0223735
0.151393,0.608003,0.9656,0.172233,0.10455,0.18493,0.0223735
0.151393,0.608003,0.9656,0.172233,0.10455,0.18493,0.0223735
0.151393,0.608003,0.9656,0.172233,0.10455,0.18493,0.0223735
0.151393,0.608003,0.9656,0.172233,0.10455,0.18493,0.0223735
0.151393,0.608003,0.9656,0.172233,0.10455,0.18493,0.0223735
0.151393,0.608003,0.9656,0.172233,0.10455,0.18493,0.0223735
0.151393,0.608003,0.9656,0.172233,0.10455,0.18493,0.0223735
0.151393,0.608003,0.9656,0.172233,0.10455,0.18493,0.0223735
0.151393,0.608003,0.9656,0.172233,0.10455,0.18493,0.0223735
0.151393,0.608003,0.9656,0.172233,0.10455,0.18493,0.0223735
0.151393,0.608003,0.9656,0.172233,0.10455,0.18493,0.0223735
0.151393,0.608003,0.9656,0.172233,0.10455,0.18493,0.0223735
0.151393,0.608003,0.9656,0.172233,0.10455,0.18493,0.0223735
0.151393,0.608003,0.9656,0.172233,0.10455,0.18493,0.0223735
0.151393,0.608003,0.9656,0.172233,0.10455,0.18493,0.0223735
0.151393,0.608003,0.9656,0.172233,0.10455,0.18493,0.0223735
0.151393,0.608003,0.9656,0.172233,0.10455,0.18493,0.0223735
0.151393,0.608003,0.9656,0.172233,0.10455,0.18493,0.0223735
0.151393,0.608003,0.9656,0.172233,0.10455,0.18493,0.0223735
0.151508,0.606581,0.9657,0.172055,0.0998734,0.181938,0.0222877
0.151508,0.606581,0.9657,0.172055,0.0998734,0.181938,0.0222877
0.151508,0.606581,0.9657,0.172055,0.0998734,0.181938,0.0222877
0.151508,0.606581,0.9657,0.172055,0.0998734,0.181938,0.0222877
0.151508,0.606581,0.9657,0.172055,0.0998734,0.181938,0.0222877
0.153342,0.607496,0.965675,0.172079,0.104379,0.183686,0.0222179
0.153342,0.607496,0.965675,0.172079,0.104379,0.183686,0.0222179
0.153342,0.607496,0.965675,0.172079,0.104379,0.183686,0.0222179
0.153342,0.607496,0.965675,0.172079,0.104379,0.183686,0.0222179
0.153342,0.607496,0.965675,0.172079,0.104379,0.183686,0.0222179
0.153342,0.607496,0.965675,0.172079,0.104379,0.183686,0.0222179
0.153342,0.607496,0.965675,0.172079,0.104379,0.183686,0.0222179
0.152642,0.612993,0.965857,0.174846,0.105712,0.18399,0.0222102
0.152642,0.612993,0.965857,0.174846,0.105712,0.18399,0.0222102
0.152642,0.612993,0.965857,0.174846,0.105712,0.18399,0.0222102
0.152642,0.612993,0.965857,0.174846,0.105712,0.18399,0.0222102
0.152642,0.612993,0.965857,0.174846,0.105712,0.18399,0.0222102
0.152642,0.612993,0.965857,0.174846,0.105712,0.18399,0.0222102
0.152642,0.612993,0.965857,0.174846,0.105712,0.18399,0.0222102
0.152642,0.612993,0.965857,0.174846,0.105712,0.18399,0.0222102
0.152642,0.612993,0.965857,0.174846,0.105712,0.18399,0.0222102
0.152839,0.608949,0.965312,0.173929,0.105403,0.183384,0.0220155
0.152839,0.608949,0.965312,0.173929,0.105403,0.183384,0.0220155
0.152839,0.608949,0.965312,0.173929,0.105403,0.183384,0.0220155
0.152839,0.608949,0.965312,0.173929,0.105403,0.183384,0.0220155
0.152839,0.608949,0.965312,0.173929,0.105403,0.183384,0.0220155
0.152839,0.608949,0.965312,0.173929,0.105403,0.183384,0.0220155
0.15376,0.609132,0.962927,0.174064,0.107419,0.183113,0.0218933
0.15376,0.609132,0.962927,0.174064,0.107419,0.183113,0.0218933
0.15376,0.609132,0.962927,0.174064,0.107419,0.183113,0.0218933
0.15376,0.609132,0.962927,0.174064,0.107419,0.183113,0.0218933
0.15376,0.609132,0.962927,0.174064,0.107419,0.183113,0.0218933
0.15376,0.609132,0.962927,0.174064,0.107419,0.183113,0.0218933
0.15376,0.609132,0.962927,0.174064,0.107419,0.183113,0.0218933
0.15376,0.609132,0.962927,0.174064,0.107419,0.183113,0.0218933
0.15376,0.609132,0.962927,0.174064,0.107419,0.183113,0.0218933
0.15376,0.609132,0.962927,0.174064,0.107419,0.183113,0.0218933
0.15376,0.609132,0.962927,0.174064,0.107419,0.183113,0.0218933
0.15376,0.609132,0.962927,0.174064,0.107419,0.183113,0.0218933
0.15376,0.609132,0.962927,0.174064,0.107419,0.183113,0.0218933
0.15376,0.609132,0.962927,0.174064,0.107419,0.183113,0.0218933
0.152978,0.606762,0.963278,0.173888,0.109255,0.183217,0.0218689
0.152978,0.606762,0.963278,0.173888,0.109255,0.183217,0.0218689
0.152978,0.606762,0.963278,0.173888,0.109255,0.183217,0.0218689
0.152978,0.606762,0.963278,0.173888,0.109255,0.183217,0.0218689
0.152978,0.606762,0.963278,0.173888,0.109255,0.183217,0.0218689
0.152978,0.606762,0.963278,0.173888,0.109255,0.183217,0.0218689
0.152978,0.606762,0.963278,0.173888,0.109255,0.183217,0.0218689
0.152978,0.606762,0.963278,0.173888,0.109255,0.183217,0.0218689
0.152652,0.607059,0.963176,0.17398,0.109563,0.183004,0.021724
0.152652,0.607059,0.963176,0.17398,0.109563,0.183004,0.021724
0.152652,0.607059,0.963176,0.17398,0.109563,0.183004,0.021724
0.152652,0.607059,0.963176,0.17398,0.109563,0.183004,0.021724
0.152652,0.607059,0.963176,0.17398,0.109563,0.183004,0.021724
0.152652,0.607059,0.963176,0.17398,0.109563,0.183004,0.021724
0.152652,0.607059,0.963176,0.17398,0.109563,0.183004,0.021724
0.152652,0.607059,0.963176,0.17398,0.109563,0.183004,0.021724
0.152652,0.607059,0.963176,0.17398,0.109563,0.183004,0.021724
0.152652,0.607059,0.963176,0.17398,0.109563,0.183004,0.021724
0.152652,0.607059,0.963176,0.17398,0.109563,0.183004,0.021724
0.152652,0.607059,0.963176,0.17398,0.109563,0.183004,0.021724
0.152652,0.607059,0.963176,0.17398,0.109563,0.183004,0.021724
0.152652,0.607059,0.963176,0.17398,0.109563,0.183004,0.021724
0.152652,0.607059,0.963176,0.17398,0.109563,0.183004,0.021724
0.152652,0.607059,0.963176,0.17398,0.109563,0.183004,0.021724
0.152652,0.607059,0.963176,0.17398,0.109563,0.183004,0.021724
0.152652,0.607059,0.963176,0.17398,0.109563,0.183004,0.021724
0.152652,0.607059,0.963176,0.17398,0.109563,0.183004,0.021724
0.152652,0.607059,0.963176,0.17398,0.109563,0.183004,0.021724
0.152652,0.607059,0.963176,0.17398,0.109563,0.183004,0.021724
0.152652,0.607059,0.963176,0.17398,0.109563,0.183004,0.021724
0.152652,0.607059,0.963176,0.17398,0.109563,0.183004,0.021724
0.152652,0.607059,0.963176,0.17398,0.109563,0.183004,0.021724
0.152652,0.607059,0.963176,0.17398,0.109563,0.183004,0.021724
0.152652,0.607059,0.963176,0.17398,0.109563,0.183004,0.021724
0.152652,0.607059,0.963176,0.17398,0.109563,0.183004,0.021724
0.152652,0.607059,0.963176,0.17398,0.109563,0.183004,0.021724
0.152652,0.607059,0.963176,0.17398,0.109563,0.183004,0.021724
0.152652,0.607059,0.963176,0.17398,0.109563,0.183004,0.021724
0.152652,0.607059,0.963176,0.17398,0.109563,0.183004,0.021724
0.152652,0.607059,0.963176,0.17398,0.109563,0.183004,0.021724
0.150954,0.606722,0.960741,0.174307,0.109617,0.18322,0.0215969
0.150954,0.606722,0.960741,0.174307,0.109617,0.18322,0.0215969
0.150954,0.606722,0.960741,0.174307,0.109617,0.18322,0.0215969
0.150954,0.606722,0.960741,0.174307,0.109617,0.18322,0.0215969
0.150954,0.606722,0.960741,0.174307,0.109617,0.18322,0.0215969
0.150954,0.606722,0.960741,0.174307,0.109617,0.18322,0.0215969
0.150954,0.606722,0.960741,0.174307,0.109617,0.18322,0.0215969
0.150954,0.606722,0.960741,0.174307,0.109617,0.18322,0.0215969
0.150954,0.606722,0.960741,0.174307,0.109617,0.18322,0.0215969
0.150954,0.606722,0.960741,0.174307,0.109617,0.18322,0.0215969
0.150954,0.606722,0.960741,0.174307,0.109617,0.18322,0.0215969
0.150954,0.606722,0.960741,0.174307,0.109617,0.18322,0.0215969
0.150954,0.606722,0.960741,0.174307,0.109617,0.18322,0.0215969
0.150954,0.606722,0.960741,0.174307,0.109617,0.18322,0.0215969
0.150954,0.606722,0.960741,0.174307,0.109617,0.18322,0.0215969
0.150954,0.606722,0.960741,0.174307,0.109617,0.18322,0.0215969
0.150954,0.606722,0.960741,0.174307,0.109617,0.18322,0.0215969
0.150954,0.606722,0.960741,0.174307,0.109617,0.18322,0.0215969
0.150954,0.606722,0.960741,0.174307,0.109617,0.18322,0.0215969
0.151872,0.606831,0.961822,0.174215,0.111919,0.181731,0.0214247
0.151872,0.606831,0.961822,0.174215,0.111919,0.181731,0.0214247
0.151872,0.606831,0.961822,0.174215,0.111919,0.181731,0.0214247
0.151872,0.606831,0.961822,0.174215,0.111919,0.181731,0.0214247
0.151872,0.606831,0.961822,0.174215,0.111919,0.181731,0.0214247
0.151872,0.606831,0.961822,0.174215,0.111919,0.181731,0.0214247
0.151872,0.606831,0.961822,0.174215,0.111919,0.181731,0.0214247
0.150762,0.592729,0.959866,0.17417,0.112869,0.182107,0.0213769
0.150762,0.592729,0.959866,0.17417,0.112869,0.182107,0.0213769
0.150762,0.592729,0.959866,0.17417,0.112869,0.182107,0.0213769
0.150762,0.592729,0.959866,0.17417,0.112869,0.182107,0.0213769
0.150762,0.592729,0.959866,0.17417,0.112869,0.182107,0.0213769
0.150762,0.592729,0.959866,0.17417,0.112869,0.182107,0.0213769
0.150762,0.592729,0.959866,0.17417,0.112869,0.182107,0.0213769
0.150762,0.592729,0.959866,0.17417,0.112869,0.182107,0.0213769
0.150762,0.592729,0.959866,0.17417,0.112869,0.182107,0.0213769
0.150762,0.592729,0.959866,0.17417,0.112869,0.182107,0.0213769
0.150762,0.592729,0.959866,0.17417,0.112869,0.182107,0.0213769
0.150762,0.592729,0.959866,0.17417,0.112869,0.182107,0.0213769
0.150762,0.592729,0.959866,0.17417,0.112869,0.182107,0.0213769
0.150762,0.592729,0.959866,0.17417,0.112869,0.182107,0.0213769
0.150762,0.592729,0.959866,0.17417,0.112869,0.182107,0.0213769
0.150762,0.592729,0.959866,0.17417,0.112869,0.182107,0.0213769
0.150762,0.592729,0.959866,0.17417,0.112869,0.182107,0.0213769
0.150762,0.592729,0.959866,0.17417,0.112869,0.182107,0.0213769
0.150762,0.592729,0.959866,0.17417,0.112869,0.182107,0.0213769
0.150762,0.592729,0.959866,0.17417,0.112869,0.182107,0.0213769
0.150762,0.592729,0.959866,0.17417,0.112869,0.182107,0.0213769
0.138927,0.46297,0.954354,0.175313,0.0915857,0.178867,0.0209103
0.138927,0.46297,0.954354,0.175313,0.0915857,0.178867,0.0209103
0.138927,0.46297,0.954354,0.175313,0.0915857,0.178867,0.0209103
0.138927,0.46297,0.954354,0.175313,0.0915857,0.178867,0.0209103
0.144337,0.518013,0.956771,0.173465,0.102787,0.179774,0.0207954
0.144337,0.518013,0.956771,0.173465,0.102787,0.179774,0.0207954
0.145895,0.547999,0.95912,0.173345,0.106703,0.180932,0.0205644
0.145895,0.547999,0.95912,0.173345,0.106703,0.180932,0.0205644
0.145895,0.547999,0.95912,0.173345,0.106703,0.180932,0.0205644
0.145895,0.547999,0.95912,0.173345,0.106703,0.180932,0.0205644
0.145895,0.547999,0.95912,0.173345,0.106703,0.180932,0.0205644
0.145895,0.547999,0.95912,0.173345,0.106703,0.180932,0.0205644
0.145895,0.547999,0.95912,0.173345,0.106703,0.180932,0.0205644
0.145895,0.547999,0.95912,0.173345,0.106703,0.180932,0.0205644
0.145895,0.547999,0.95912,0.173345,0.106703,0.180932,0.0205644
0.141282,0.492914,0.956249,0.174558,0.0997818,0.179653,0.0204986
0.141282,0.492914,0.956249,0.174558,0.0997818,0.179653,0.0204986
0.141282,0.492914,0.956249,0.174558,0.0997818,0.179653,0.0204986
0.141282,0.492914,0.956249,0.174558,0.0997818,0.179653,0.0204986
0.141282,0.492914,0.956249,0.174558,0.0997818,0.179653,0.0204986
0.141282,0.492914,0.956249,0.174558,0.0997818,0.179653,0.0204986
0.141282,0.492914,0.956249,0.174558,0.0997818,0.179653,0.0204986
0.141949,0.504829,0.956862,0.173854,0.102436,0.179983,0.0203349
0.141949,0.504829,0.956862,0.173854,0.102436,0.179983,0.0203349
0.141949,0.504829,0.956862,0.173854,0.102436,0.179983,0.0203349
0.141949,0.504829,0.956862,0.173854,0.102436,0.179983,0.0203349
0.141949,0.504829,0.956862,0.173854,0.102436,0.179983,0.0203349
0.141949,0.504829,0.956862,0.173854,0.102436,0.179983,0.0203349
0.141949,0.504829,0.956862,0.173854,0.102436,0.179983,0.0203349
0.141949,0.504829,0.956862,0.173854,0.102436,0.179983,0.0203349
0.141949,0.504829,0.956862,0.173854,0.102436,0.179983,0.0203349
0.141949,0.504829,0.956862,0.173854,0.102436,0.179983,0.0203349
0.141949,0.504829,0.956862,0.173854,0.102436,0.179983,0.0203349
0.141949,0.504829,0.956862,0.173854,0.102436,0.179983,0.0203349
0.142537,0.512576,0.956981,0.173192,0.103098,0.180126,0.0202704
0.142537,0.512576,0.956981,0.173192,0.103098,0.180126,0.0202704
0.142537,0.512576,0.956981,0.173192,0.103098,0.180126,0.0202704
0.142537,0.512576,0.956981,0.173192,0.103098,0.180126,0.0202704
0.142537,0.512576,0.956981,0.173192,0.103098,0.180126,0.0202704
0.142537,0.512576,0.956981,0.173192,0.103098,0.180126,0.0202704
0.142537,0.512576,0.956981,0.173192,0.103098,0.180126,0.0202704
0.142537,0.512576,0.956981,0.173192,0.103098,0.180126,0.0202704
0.142537,0.512576,0.956981,0.173192,0.103098,0.180126,0.0202704
0.142537,0.512576,0.956981,0.173192,0.103098,0.180126,0.0202704
0.142537,0.512576,0.956981,0.173192,0.103098,0.180126,0.0202704
0.142537,0.512576,0.956981,0.173192,0.103098,0.180126,0.0202704
0.142537,0.512576,0.956981,0.173192,0.103098,0.180126,0.0202704
0.142537,0.512576,0.956981,0.173192,0.103098,0.180126,0.0202704
0.142537,0.512576,0.956981,0.173192,0.103098,0.180126,0.0202704
0.142537,0.512576,0.956981,0.173192,0.103098,0.180126,0.0202704
0.142537,0.512576,0.956981,0.173192,0.103098,0.180126,0.0202704
0.142537,0.512576,0.956981,0.173192,0.103098,0.180126,0.0202704
0.142537,0.512576,0.956981,0.173192,0.103098,0.180126,0.0202704
0.142537,0.512576,0.956981,0.173192,0.103098,0.180126,0.0202704
0.142537,0.512576,0.956981,0.173192,0.103098,0.180126,0.0202704
0.142537,0.512576,0.956981,0.173192,0.103098,0.180126,0.0202704
0.142537,0.512576,0.956981,0.173192,0.103098,0.180126,0.0202704
0.142537,0.512576,0.956981,0.173192,0.103098,0.180126,0.0202704
0.142537,0.512576,0.956981,0.173192,0.103098,0.180126,0.0202704
0.142537,0.512576,0.956981,0.173192,0.103098,0.180126,0.0202704
0.142537,0.512576,0.956981,0.173192,0.103098,0.180126,0.0202704
0.142537,0.512576,0.956981,0.173192,0.103098,0.180126,0.0202704
0.142537,0.512576,0.956981,0.173192,0.103098,0.180126,0.0202704
0.142537,0.512576,0.956981,0.173192,0.103098,0.180126,0.0202704
0.142537,0.512576,0.956981,0.173192,0.103098,0.180126,0.0202704
0.142537,0.512576,0.956981,0.173192,0.103098,0.180126,0.0202704
0.142537,0.512576,0.956981,0.173192,0.103098,0.180126,0.0202704
0.142537,0.512576,0.956981,0.173192,0.103098,0.180126,0.0202704
0.142537,0.512576,0.956981,0.173192,0.103098,0.180126,0.0202704
0.142537,0.512576,0.956981,0.173192,0.103098,0.180126,0.0202704
0.142537,0.512576,0.956981,0.173192,0.103098,0.180126,0.0202704
0.142537,0.512576,0.956981,0.173192,0.103098,0.180126,0.0202704
