k const:   5  0.1    1 8.69 0.05 0.07
cond:6.06594e-317            0            1         8.69         0.05         0.07
mu: 126.467  45.0784        0        0  77.1765        0  26755.8  19021.6        0        0  15412.6        0 -1.73134        0        0  5438.75  16114.6        0        0        0        0        0        0        0        0        0        0
moments: 127.953  43.4082        0        0  75.8589        0  27191.3  17621.2        0        0  14546.8        0 -1.64032        0        0  5489.35  15016.6        0        0        0        0        0        0        0        0        0        0
cost:4.10861e+06
