k const: 0.965141  0.181449  0.359746 0.0446267  0.933417   0.45842
cond:26.2565   45.08 19.0349
mu:12.3845 6.95759 9.09627 241.877  78.747 166.583 136.958 182.132 109.042
moments:6.78934 11.2902 10.4906 72.4156 217.342 192.038 121.235 112.765 204.159
cost:62731.8
