k const: 0.276782  0.837081  0.443217 0.0424412  0.304645         0
cond:1 1 1 1 1 1
mu: 124.132   43.698        0        0  76.2133        0  25906.5  17729.2        0        0  14654.4        0 -1.64492        0        0  5331.02  15121.2        0        0        0        0        0        0        0        0        0        0
moments: 1.40726 0.749477        0        0        1        0  1.98038 0.561716        0        0        1        0  1.05471        0        0  1.40726 0.749477        0        0        0        0        0        0        0        0        0        0
cost:1.45713e+09
