k const:   5  0.1    1 8.69 0.05 0.07
cond:1.03814e-316            0            1         8.69         0.05         0.07
mu:125.316 45.5851       0       0 77.6017       0 26613.7 18940.7       0       0 15424.6       0 -1.7535       0       0 5408.03 16089.9       0       0       0       0       0       0       0       0       0       0
moments: 126.047  44.1709        0        0  76.4071        0  26459.3  18552.2        0        0  15109.1        0 -1.68016        0        0  5401.75  15741.6        0        0        0        0        0        0        0        0        0        0
<c1-u1>:80.462
cost:395646
