k const: 0.917378 0.0864218  0.566264  0.157124 0.0355987  0.990676
cond:7.30559 3.59895 4.76091
mu: 12.306 6.92438 9.08662 240.247  78.581 166.921 136.384 182.239 109.196
moments:4.40566 22.8145 1.18856  32.746 952.109 3.18459 173.678 9.59672 53.3606
cost:867608
