k const:   5  0.1    1 8.69 0.05 0.07
cond:6.76068e-317            0            1         8.69         0.05         0.07
mu: 127.409  43.3725        0        0  75.9257        0    26917    17638        0        0  14561.7        0 -1.63616        0        0  5485.62    15028        0        0        0        0        0        0        0        0        0        0
moments:  127.19  38.9233        0        0  72.6522        0  26786.3    15166        0        0  12938.2        0 -1.38353        0        0  5479.79  13012.8        0        0        0        0        0        0        0        0        0        0
<c1-u1>:83.8172
cost:1.28248e+07
