k const:   5  0.1    1 8.69 0.05 0.07
cond:9.26449e-317            0            1         8.69         0.05         0.07
mu: 127.644  44.0192        0        0  76.3329        0  26845.6  18853.8        0        0  15252.1        0 -1.68687        0        0  5482.72  15947.9        0        0        0        0        0        0        0        0        0        0
moments: 126.849  40.1937        0        0  73.5438        0  26353.9  17555.6        0        0  14280.1        0 -1.46799        0        0  5451.41  14808.3        0        0        0        0        0        0        0        0        0        0
<c1-u1>:82.8295
cost:4.1714e+06
