k const: 0.276782  0.837081  0.443217 0.0424412  0.304645         0
cond:1 1 1 1 1 1
mu: 125.755  42.4821        0        0  75.2031        0  26290.4  17785.3        0        0  14568.6        0 -1.59116        0        0  5398.84  15090.6        0        0        0        0        0        0        0        0        0        0
moments: 1.40726 0.749477        0        0        1        0  1.98038 0.561716        0        0        1        0  1.05471        0        0  1.40726 0.749477        0        0        0        0        0        0        0        0        0        0
cost:1.47645e+09
