k const:   5  0.1    1 8.69 0.05  0.7
cond:2.74049e-317            0            1         8.69         0.05          0.7
mu:  45.2512  0.501609         0         0 0.0734972         0   2308.38   3.16513         0         0 0.0054721         0   12.8367         0         0    3.2364 0.0452444         0         0         0         0         0         0         0         0         0         0
moments:   45.0589   0.465739          0          0   0.073468          0    2284.13    2.29306          0          0 0.00546349          0    12.8228          0          0    3.22401  0.0404962          0          0          0          0          0          0          0          0          0          0
<c1-u1>:44.5573
cost:588.677
