k const:0.462235 0.542018 0.401022 0.447886 0.524904 0.609371
cond:2.55743 1.86095 2.96074
mu:12.3199 6.91829 9.03805  240.28 78.1448 164.011 136.016 180.569 107.898
moments:15.1539 8.02362 5.23014 389.194 110.997  49.249 207.733 137.784 73.7532
cost:44588.6
