k const:   0.879 0.962957 0.235889 0.975971 0.668343 0.954416
cond:1.67472 2.72392  3.2517
mu:12.5156 7.05479 9.30334 255.306  83.688 179.417 145.042 194.054 116.632
moments:23.0079  4.4341 1.75043 902.171 33.9477 5.38449 174.963 69.6181 13.5155
cost:478383
