k const:   5  0.1    1 8.69 0.05  0.7
cond:1.52192e-316            0            1         8.69         0.05          0.7
mu:   45.0162   0.520069          0          0  0.0735452          0    2291.37    3.19358          0          0 0.00547975          0      12.85          0          0    3.21797   0.046636          0          0          0          0          0          0          0          0          0          0
moments:   45.0346   0.513892          0          0  0.0737447          0    2294.11     2.8954          0          0 0.00550812          0    12.8617          0          0    3.22816  0.0455067          0          0          0          0          0          0          0          0          0          0
<c1-u1>:44.5145
cost:7.59202
