k const:   5  0.1    1 8.69 0.05  0.7
cond:1.69169e-316            0            1         8.69         0.05          0.7
mu:   45.0053   0.501837          0          0  0.0735182          0     2285.1    2.68933          0          0 0.00547588          0    12.8414          0          0    3.21656  0.0443443          0          0          0          0          0          0          0          0          0          0
moments:   44.7568   0.501852          0          0   0.073675          0    2260.92    2.72076          0          0 0.00549893          0    12.8485          0          0    3.20542  0.0445519          0          0          0          0          0          0          0          0          0          0
<c1-u1>:44.2549
cost:584.788
