k const:  0.4002 0.913289 0.851283 0.195675 0.141231 0.680938
cond:2.42673 6.91197 6.08802
mu:12.4197 7.00401 9.25303 249.961 82.8545 182.783 142.781 194.135 117.311
moments:12.7634 11.6299  4.3068 273.774 229.575 39.0355 250.641 98.3747 90.7034
cost:64315
