k const:   5  0.1    1 8.69 0.05  0.7
cond:1.56475e-316            0            1         8.69         0.05          0.7
mu:    45.223   0.504676          0          0  0.0734362          0    2302.27    3.30044          0          0 0.00546422          0     12.833          0          0    3.23153  0.0459532          0          0          0          0          0          0          0          0          0          0
moments:   44.8889   0.505331          0          0  0.0736076          0    2277.71    2.75608          0          0 0.00548923          0    12.8502          0          0    3.21051  0.0446309          0          0          0          0          0          0          0          0          0          0
<c1-u1>:44.3842
cost:603.641
