k const:   5  0.1    1 8.69 0.05 0.07
cond:7.43952e-317            0            1         8.69         0.05         0.07
mu: 125.145  43.8505        0        0  76.2322        0  26168.3    17544        0        0  14529.3        0 -1.65532        0        0   5367.1  14973.2        0        0        0        0        0        0        0        0        0        0
moments: 126.878   43.893        0        0  76.3893        0  26759.2  18449.1        0        0  15055.1        0 -1.66143        0        0  5466.77  15656.2        0        0        0        0        0        0        0        0        0        0
<c1-u1>:83.0274
cost:1.92109e+06
