k const:   5  0.1    1 8.69 0.05 0.07
cond:3.44419e-317            0            1         8.69         0.05         0.07
mu: 124.807  44.2935        0        0  76.6513        0  26124.3  17660.7        0        0  14662.2        0 -1.67742        0        0  5356.42  15101.4        0        0        0        0        0        0        0        0        0        0
moments:    115.736  0.00521859           0           0     42.9561           0     13394.7 2.72337e-05           0           0     1845.22           0    0.603976           0           0     4971.54     0.22417           0           0           0           0           0           0           0           0           0           0
cost:8.66413e+08
