k const:0.839707  0.33712 0.231199 0.427966 0.121366 0.827714
cond:1.14358 32.6908  10.536
mu: 12.258  6.8977  9.0554 237.796    77.4 162.151 134.673 178.668 106.778
moments:15.6901  11.888 1.44128 430.797  262.36 4.22129 333.732 41.7977 33.0625
cost:160288
