k const:   5  0.1    1 8.69 0.05 0.07
cond:3.65896e-317            0            1         8.69         0.05         0.07
mu: 125.338  44.0512        0        0   76.509        0  26401.9  17879.7        0        0  14769.1        0 -1.67061        0        0  5391.66  15251.9        0        0        0        0        0        0        0        0        0        0
moments: 125.744  45.2617        0        0  77.2729        0  26617.4  18826.6        0        0  15326.6        0 -1.73398        0        0  5391.23    15988        0        0        0        0        0        0        0        0        0        0
cost:1.79574e+06
