k const:0.841333 0.611209 0.585443 0.153726 0.794543 0.171214
cond: 2.1333 18.9934  2.9504
mu:12.4549 6.99933 9.15426  245.99 80.0543 168.037 139.292 184.825 110.502
moments:11.2878 9.48052 7.90451 207.406 150.271 107.126 176.302 148.405 126.768
cost:13099
