k const:   5  0.1    1 8.69 0.05 0.07
cond:7.25452e-317            0            1         8.69         0.05         0.07
mu: 125.998  44.6501        0        0  76.9247        0  26450.6  18753.7        0        0  15269.4        0 -1.70842        0        0   5415.9  15915.8        0        0        0        0        0        0        0        0        0        0
moments: 127.624  44.5755        0        0  76.7742        0  26834.5  19190.1        0        0  15480.4        0 -1.71079        0        0  5490.55  16224.2        0        0        0        0        0        0        0        0        0        0
<c1-u1>:82.9735
cost:483081
