k const:   5  0.1    1 8.69 0.05 0.07
cond:1.71301e-316            0            1         8.69         0.05         0.07
mu: 127.745  43.4001        0        0  75.9631        0  26917.4  17774.4        0        0  14660.6        0 -1.64984        0        0  5492.58  15144.4        0        0        0        0        0        0        0        0        0        0
moments:  126.33  42.2145        0        0  75.2433        0  26705.1  17651.3        0        0    14535        0 -1.57821        0        0   5466.4    15004        0        0        0        0        0        0        0        0        0        0
<c1-u1>:82.9298
cost:96382.8
