k const:   5  0.1    1 8.69 0.05  0.7
cond:7.9299e-317           0           1        8.69        0.05         0.7
mu:   45.1275   0.502157          0          0  0.0736583          0    2302.48    2.79196          0          0 0.00549822          0    12.8562          0          0    3.23061  0.0449621          0          0          0          0          0          0          0          0          0          0
moments:  45.6167   0.46546         0         0 0.0730209         0   2329.51   2.69149         0         0 0.0053985         0   12.8009         0         0   3.24747 0.0414388         0         0         0         0         0         0         0         0         0         0
<c1-u1>:45.1146
cost:731.155
