PSO_S_ODE_Linear
line 314
line 363
line 383
line 431
ln 482
ln 547
ln 559
ln 576
ln 626
ln 628
ln 633
ln 635
PSO:1
ln 695
ln 701
ln 705
h:0
Nparts:3000
ln 705
h:500
Nparts:3000
ln 705
h:1000
Nparts:3000
ln 705
h:1500
Nparts:3000
ln 705
h:2000
Nparts:3000
ln 705
h:2500
Nparts:3000
ln 692
ln 1194
ln 1114 - before computing moment diffs
ln 1158 - after computing differences
ln 1270
blindpso+cost.est:
0.139721
0.584214
0.293649
0.109647
0.181168
0.563207

PSO:2
ln 652
ln 695
ln 701
ln 705
h:0
Nparts:5
ln 692
line 804
ln 961
ln 961
ln 961
ln 961
ln 961
line 804
ln 961
ln 961
ln 961
ln 961
ln 961
line 804
ln 961
ln 961
ln 961
ln 961
ln 961
line 804
ln 961
ln 961
ln 961
ln 961
ln 961
igmme + cost.est:
0.252201
0.747436
0.385257
0.048622
0.260271
0.0135806

w.mat   5.92813   -14.0467    2.76507  -0.212496 0.00556377  0.0525548   0.492792  0.0271948  -0.281718
  -14.0467    33.4348   -6.63437   0.429359  -0.396996  -0.137233  -0.832574  -0.123691    0.80605
   2.76507   -6.63437    1.34652 -0.0634957   0.190835  0.0320961  0.0672593  0.0446562  -0.206972
 -0.212496   0.429359 -0.0634957   0.827669    4.62114   0.173906   -3.91403    0.76433   -1.79885
0.00556377  -0.396996   0.190835    4.62114    26.5622    1.07215   -22.1774    4.48768   -10.7108
 0.0525548  -0.137233  0.0320961   0.173906    1.07215  0.0557431  -0.865125   0.201901  -0.495864
  0.492792  -0.832574  0.0672593   -3.91403   -22.1774  -0.865125    18.6479   -3.70849    8.79013
 0.0271948  -0.123691  0.0446562    0.76433    4.48768   0.201901   -3.70849   0.797388   -1.91831
 -0.281718    0.80605  -0.206972   -1.79885   -10.7108  -0.495864    8.79013   -1.91831    4.64621

GBMAT: 
 0.436631   0.07581   0.18481  0.809739  0.923665   16316.1
 0.210832  0.382004  0.150681 0.0888922  0.232802    685.42
 0.131516  0.599115  0.323282  0.116267  0.164634   606.429
 0.153841  0.622155  0.312579   0.10803  0.197657   604.085
  0.13299  0.593117   0.30033  0.112253  0.169429   592.788
 0.139721  0.584214  0.293649  0.109647  0.181168   591.647
 0.139721  0.584214  0.293649  0.109647  0.181168  0.563207
 0.139721  0.584214  0.293649  0.109647  0.181168  0.563207
 0.187321  0.734018  0.383798 0.0607906  0.178322  0.130737
 0.187321  0.734018  0.383798 0.0607906  0.178322  0.130737
 0.197797  0.718851  0.368731 0.0652059  0.185926  0.106754
 0.167129  0.665162  0.370466 0.0752167  0.207463  0.105982
 0.167129  0.665162  0.370466 0.0752167  0.207463  0.105982
 0.210927  0.681857  0.336968 0.0302059  0.174787  0.102885
 0.223226  0.674221  0.330694 0.0633863  0.200335 0.0499535
 0.215145  0.669918   0.36318 0.0552629  0.245657 0.0347646
 0.215145  0.669918   0.36318 0.0552629  0.245657 0.0347646
 0.231071   0.66693  0.327559 0.0500767  0.218302 0.0332257
 0.211216  0.663804  0.337666 0.0542551  0.208494 0.0264516
 0.211216  0.663804  0.337666 0.0542551  0.208494 0.0264516
 0.229788  0.705709  0.355789 0.0377184  0.221748 0.0262094
 0.225492  0.680771  0.339383   0.04603  0.216356 0.0223791
 0.221856  0.675026  0.339166 0.0480685  0.214083 0.0215099
 0.224958  0.680095  0.340914 0.0465679  0.216304 0.0212501
 0.227998  0.699949  0.354748 0.0467965  0.221365 0.0170441
 0.227839  0.698904  0.353376 0.0471053   0.22166 0.0169209
 0.231681  0.699253  0.352302 0.0467024  0.223866 0.0162316
 0.231681  0.699253  0.352302 0.0467024  0.223866 0.0709699
 0.235387  0.697566  0.357214 0.0462189  0.241372 0.0599567
 0.235244  0.697847  0.356859 0.0468942  0.240171 0.0594126
 0.235244  0.697847  0.356859 0.0468942  0.240171 0.0338226
 0.238657  0.697956  0.356706  0.057022  0.239413 0.0331462
 0.236831  0.697224  0.356146 0.0551163  0.238303 0.0323821
 0.236474  0.697291  0.356283 0.0540111  0.238963 0.0322066
 0.237184   0.69715  0.356163 0.0537581  0.240022 0.0315247
 0.237798   0.70339  0.360083  0.052354  0.240113 0.0291134
  0.23723  0.704482  0.359863 0.0506086  0.238713 0.0290641
  0.23723  0.704482  0.359863 0.0506086  0.238713 0.0435643
 0.237958  0.704504  0.359594 0.0512902   0.24034 0.0428225
 0.237747  0.704222  0.359715 0.0510045  0.240231 0.0424847
 0.239513  0.705768  0.359715  0.051277   0.23963 0.0422749
 0.239513  0.705768  0.359715  0.051277   0.23963 0.0422749
 0.238222  0.705177  0.360335 0.0518355  0.239914 0.0414155
 0.238111    0.7053  0.360295 0.0515069  0.240039 0.0412996
 0.238111  0.705305  0.360908 0.0532468  0.240297 0.0410748
 0.238107  0.705338  0.360916 0.0532468  0.240286 0.0410613
  0.23815  0.707862  0.362075 0.0527225  0.239033  0.040919
 0.238095  0.707687  0.362081 0.0520072  0.240786 0.0397532
 0.238113  0.707537  0.362162 0.0520537  0.240633 0.0395643
 0.240131   0.71169  0.368989 0.0484144  0.254973 0.0340438
 0.239792  0.710087  0.368489 0.0517334  0.253637 0.0331999
 0.240109  0.710154  0.368205 0.0515733  0.253503  0.032481
 0.240416   0.70944  0.368205 0.0514576  0.253419 0.0319062
 0.240482  0.710031  0.368207 0.0515572  0.253257 0.0311657
 0.240482  0.710031  0.368207 0.0515572  0.253257 0.0264727
 0.240824  0.710204  0.368095 0.0504579  0.253885 0.0262744
  0.24079  0.710102   0.36805 0.0507516  0.253776 0.0262498
 0.240859  0.710235  0.368173  0.050718  0.253776 0.0261921
 0.241349  0.715973  0.369305 0.0497246  0.251081 0.0258644
 0.241257   0.71378  0.368678 0.0501258  0.251896 0.0256973
 0.241479  0.713432  0.369767 0.0498203  0.254291 0.0248033
 0.242337  0.714464  0.369278 0.0499822  0.254004 0.0244209
 0.241841  0.714089  0.369658 0.0498571  0.254224 0.0244135
 0.241841  0.714089  0.369658 0.0498571  0.254224 0.0244135
 0.241937  0.713977  0.369656 0.0505002   0.25431 0.0241547
 0.241929  0.714406  0.369946 0.0502516  0.254186 0.0240111
 0.242021  0.714517  0.369856 0.0502158  0.254036 0.0239942
 0.242185  0.714606  0.369859 0.0501514  0.254045 0.0239234
 0.242162  0.714688  0.369865 0.0501266  0.254064 0.0239016
 0.242152  0.715387  0.369935 0.0501798  0.253366 0.0238607
 0.242262  0.715488  0.369916 0.0501225  0.253554 0.0238233
 0.242262  0.715488  0.369916 0.0501225  0.253554 0.0238233
 0.243002  0.715351  0.369907 0.0501264  0.254394 0.0234869
 0.242689  0.716282  0.370129 0.0504191  0.253075 0.0234039
 0.242658  0.716057  0.370299 0.0500645  0.254371 0.0233377
 0.242666  0.716069  0.370297 0.0500645  0.254109 0.0232587
 0.243595  0.718479  0.371642 0.0503756  0.254401 0.0221492
 0.243606  0.723331  0.373874 0.0503463  0.254246 0.0212908
 0.243757  0.723278  0.374168 0.0500762  0.254186 0.0202917
 0.244294  0.722369  0.373703 0.0499332  0.255628 0.0200676
 0.244294  0.722402  0.373829 0.0499179  0.255669 0.0199825
 0.244294  0.722402  0.373829 0.0499179  0.255669 0.0199825
 0.244547  0.722635   0.37397 0.0499804  0.255838 0.0198146
 0.244545  0.724842  0.376025 0.0499913  0.256417 0.0195992
  0.24452  0.722388  0.374637 0.0496824  0.257571  0.019417
 0.244762  0.723097   0.37468  0.049572  0.257062  0.019404
 0.244705  0.723288  0.374663 0.0495696  0.257136 0.0192951
 0.244606  0.724188  0.375004 0.0496931  0.256633  0.019188
 0.244784  0.723384  0.374778 0.0497051   0.25718 0.0191427
 0.244885  0.723973  0.374798 0.0496867  0.256636 0.0191204
 0.244327  0.723973  0.375566 0.0496407  0.257099 0.0191165
  0.24441  0.723997  0.375406 0.0496359    0.2571 0.0190541
  0.24441  0.724008  0.375406 0.0496361    0.2571 0.0190532
 0.244395   0.72514  0.376157 0.0495963  0.257411 0.0187995
 0.244513  0.725147  0.376121 0.0495192  0.257322 0.0186727
  0.24514  0.725237  0.376117 0.0494995  0.258151 0.0182116
  0.24514  0.725237  0.376117 0.0494995  0.258151 0.0182116
 0.245345   0.72528  0.376085 0.0496479  0.258143 0.0181243
 0.245345  0.725367  0.376085 0.0496479  0.258142 0.0180884
 0.245335  0.725361  0.376095 0.0496467  0.258177 0.0180815
 0.247223   0.72804  0.377794 0.0496356  0.261749 0.0166814
 0.247019  0.727607  0.377554 0.0503067   0.26102 0.0164835
 0.246965  0.727634  0.377678 0.0502394  0.261068 0.0163627
 0.246902  0.727552  0.377777 0.0501412  0.261227 0.0162993
 0.246928    0.7275  0.377813 0.0501377   0.26121 0.0162596
 0.253655  0.751676  0.387377 0.0471794  0.260692 0.0145348
 0.252413  0.747934  0.385331 0.0484309  0.259911  0.013736
 0.252413  0.747934  0.385331 0.0484309  0.259911  0.013736
  0.25226  0.747228  0.385152 0.0483469  0.260323 0.0136842
 0.252365  0.747562  0.385301 0.0482594  0.260342 0.0136681
 0.252043  0.747522  0.385269 0.0482604  0.260191 0.0136127
 0.252201  0.747436  0.385257  0.048622  0.260271 0.0135806
CODE FINISHED RUNNING IN 19574 s TIME!
Job Statistics for 1410347:
           JobID       User               Start                 End    Elapsed     MaxRSS   TotalCPU      State Exit        NodeList                                  ReqTRES 
---------------- ---------- ------------------- ------------------- ---------- ---------- ---------- ---------- ---- --------------- ---------------------------------------- 
         1410347   rsjxw007 2021-06-28T16:12:15 2021-06-28T21:38:31   05:26:16              05:24:48  COMPLETED  0:0   r1pl-hpcf-n03         billing=1,cpu=1,mem=7812M,node=1 
   1410347.batch            2021-06-28T16:12:15 2021-06-28T21:38:31   05:26:16      3.59M   05:24:48  COMPLETED  0:0   r1pl-hpcf-n03                                          
  1410347.extern            2021-06-28T16:12:15 2021-06-28T21:38:31   05:26:16          0   00:00:00  COMPLETED  0:0   r1pl-hpcf-n03                                          
CPU Efficiency: 99.56% of 05:26:16 core-walltime
