PSO_S_ODE_NonLinear
line 314
line 363
line 383
line 431
ln 482
ln 547
ln 559
ln 576
ln 626
ln 628
ln 633
ln 635
PSO:1
ln 695
ln 701
ln 775 - PSO starts
ln 1194
ln 1270
blindpso+cost.est:
  0.499666
  0.364489
  0.230798
 0.0782235
  0.680041
0.00614451
0.132716

PSO:2
ln 652
ln 695
ln 701
ln 775 - PSO starts
line 804
 ln 948 
ln 961
ln 961
ln 961
ln 961
ln 961
line 804
 ln 948 
ln 961
ln 961
ln 961
ln 961
ln 961
line 804
 ln 948 
ln 961
ln 961
ln 961
ln 961
ln 961
line 804
 ln 948 
ln 961
ln 961
ln 961
ln 961
ln 961
igmme + cost.est:
  0.760792
  0.138458
 0.0305339
   0.27729
  0.544245
0.00255972
0.00791246

w.mat      2.2929      2.89701   0.00410124  -0.00217973  0.000206245 -1.97063e-05     0.698956   0.00152735   0.00102508
     2.89701      3.72135   0.00451458   -0.0013544  0.000183076 -1.78743e-05     0.896854   0.00205436   0.00133906
  0.00410124   0.00451458   0.00495694  4.34158e-07 -8.09487e-07 -4.28431e-05   0.00114924 -5.05409e-05 -6.16854e-05
 -0.00217973   -0.0013544  4.34158e-07    7.333e-05  2.55501e-06  6.20268e-08 -0.000242047  6.73209e-06  7.16335e-07
 0.000206245  0.000183076 -8.09487e-07  2.55501e-06  3.22973e-06  3.04772e-08   9.4347e-05  3.18628e-07  2.20573e-06
-1.97063e-05 -1.78743e-05 -4.28431e-05  6.20268e-08  3.04772e-08  5.96429e-07 -5.22735e-06  1.65783e-06  1.53758e-06
    0.698956     0.896854   0.00114924 -0.000242047   9.4347e-05 -5.22735e-06     0.217333  0.000481841  0.000322277
  0.00152735   0.00205436 -5.05409e-05  6.73209e-06  3.18628e-07  1.65783e-06  0.000481841  9.26272e-05  2.54666e-05
  0.00102508   0.00133906 -6.16854e-05  7.16335e-07  2.20573e-06  1.53758e-06  0.000322277  2.54666e-05  5.43513e-05

GBMAT: 
  0.720434   0.479672   0.973779   0.573026   0.554346   0.944595      21018
  0.627602   0.305992   0.360437  0.0393893   0.436361  0.0160229    11541.5
   0.46441   0.148311   0.309798   0.034752   0.455222 0.00625797    11203.9
  0.515755   0.296321   0.301291  0.0597294   0.631931  0.0082056    11151.7
  0.499666   0.364489   0.230798  0.0782235   0.680041 0.00614451    10909.5
  0.499666   0.364489   0.230798  0.0782235   0.680041 0.00614451   0.132716
  0.499666   0.364489   0.230798  0.0782235   0.680041 0.00614451   0.132716
  0.566894   0.415002   0.165472  0.0586924   0.628969    0.23369  0.0441697
  0.574916   0.333886    0.26705  0.0564355   0.510919   0.207568  0.0441357
   0.55767   0.258003   0.172763  0.0621434   0.484731   0.107078   0.038857
  0.606795   0.371408   0.114962  0.0565261   0.591624   0.162367    0.03787
  0.589757   0.291624   0.158414   0.059982   0.499723     0.1225  0.0345034
  0.357885   0.317411  0.0548403  0.0369293   0.378104  0.0354128  0.0269839
  0.393639   0.317411  0.0575974  0.0369293   0.386937  0.0354128  0.0242292
  0.795525  0.0817887  0.0335203   0.127536   0.540997 0.00988402    0.01263
  0.795878  0.0669234  0.0399649    0.12948   0.525517 0.00866226  0.0125612
  0.758119   0.114558  0.0432119   0.113978   0.498117  0.0175078  0.0121847
  0.920522  0.0829801  0.0353818    0.14348   0.563734 0.00792497  0.0113861
  0.833175  0.0819793  0.0334208    0.15488   0.516126 0.00675134  0.0111852
  0.863219  0.0765573  0.0322783   0.173073   0.425216 0.00530877  0.0109037
  0.863219  0.0545454  0.0333357   0.155448   0.425216 0.00530877   0.010848
  0.793137   0.119337  0.0361552    0.15224    0.45416 0.00463419  0.0107999
  0.759942   0.190913  0.0346549   0.184684    0.40461 0.00560746  0.0105983
  0.759942   0.190913  0.0346549   0.184684    0.40461 0.00560746  0.0105983
  0.759942   0.190913  0.0346549   0.184684    0.40461 0.00560746  0.0138505
  0.827611   0.159688  0.0290191   0.182051   0.466941 0.00410248  0.0124006
  0.888103   0.158523  0.0287468    0.11321    0.54701 0.00410248  0.0118243
  0.826164   0.150542  0.0331949     0.1338    0.54866 0.00431221 0.00875858
  0.826164   0.141719  0.0331949   0.182987    0.54866 0.00431221 0.00813756
  0.826164   0.141719  0.0331949   0.182987    0.54866 0.00431221 0.00813756
  0.797551    0.13819  0.0314219   0.228328   0.665928 0.00296584 0.00810612
  0.804583   0.137808  0.0314219   0.290244   0.689107 0.00219302 0.00799346
  0.805361   0.126001  0.0302518   0.263096   0.592351 0.00262827 0.00792561
  0.805361   0.126001  0.0302518   0.263096   0.592351 0.00262827 0.00837921
  0.811074   0.126818  0.0289463   0.260335   0.591153 0.00237209 0.00824424
   0.78365   0.124086  0.0287594   0.256629   0.508307 0.00221882 0.00815345
  0.782155   0.128828  0.0297962   0.253407    0.52432 0.00220626  0.0080792
  0.792435   0.134398  0.0294963   0.249369   0.507553 0.00211407 0.00799552
  0.790986   0.135191  0.0295649   0.240854   0.512815 0.00212866 0.00799134
  0.783228   0.133963  0.0294974   0.251586   0.505395 0.00204922 0.00798159
  0.783228   0.133963  0.0294974   0.251586   0.505395 0.00204922 0.00801039
  0.791491   0.137835  0.0294764   0.248797    0.53925 0.00218618 0.00799972
  0.777149   0.144258   0.030189   0.268901   0.535459 0.00205068 0.00793603
  0.779047    0.14235  0.0300567   0.263451   0.532953 0.00206701 0.00793513
  0.779309   0.142627  0.0300489   0.265263   0.532103  0.0020629 0.00793502
  0.780022   0.138242  0.0300805   0.263808   0.534394 0.00304111 0.00792946
  0.769944   0.137731  0.0300805   0.279065   0.539985 0.00287372 0.00792514
  0.769944   0.137198  0.0300805   0.278883   0.537517 0.00285922 0.00792303
  0.769944   0.137198  0.0300805   0.278883   0.537517 0.00285922 0.00792798
  0.772216   0.138343  0.0302512   0.274658   0.546593 0.00257433 0.00791905
  0.772216   0.138343  0.0302512   0.274658   0.546593 0.00257433 0.00791905
  0.758616   0.138677  0.0305765   0.274437   0.546758 0.00253654 0.00791383
  0.759015   0.138527  0.0305375   0.274194    0.54686 0.00253614 0.00791382
  0.759144   0.138378  0.0305508   0.278891   0.549315 0.00253269 0.00791367
  0.759136   0.138393   0.030549   0.278722   0.549231 0.00253281 0.00791367
  0.759467   0.138445  0.0305623   0.274978   0.547873 0.00255967 0.00791259
   0.75944   0.138452  0.0305552   0.280006   0.549093  0.0025586 0.00791254
  0.760973    0.13847  0.0305721   0.277997    0.54854 0.00256014 0.00791251
  0.760994    0.13847  0.0305678   0.278013   0.547784 0.00256014 0.00791248
  0.760792   0.138458  0.0305339    0.27729   0.544245 0.00255972 0.00791246
CODE FINISHED RUNNING IN 2996 s TIME!
Job Statistics for 1412713:
           JobID       User               Start                 End    Elapsed     MaxRSS   TotalCPU      State Exit        NodeList                                  ReqTRES 
---------------- ---------- ------------------- ------------------- ---------- ---------- ---------- ---------- ---- --------------- ---------------------------------------- 
         1412713   rsjxw007 2021-07-01T17:30:13 2021-07-01T18:20:11   00:49:58             49:51.349  COMPLETED  0:0   r1pl-hpcf-n21         billing=1,cpu=1,mem=7812M,node=1 
   1412713.batch            2021-07-01T17:30:13 2021-07-01T18:20:11   00:49:58      1.31M  49:51.347  COMPLETED  0:0   r1pl-hpcf-n21                                          
  1412713.extern            2021-07-01T17:30:13 2021-07-01T18:20:11   00:49:58          0  00:00.001  COMPLETED  0:0   r1pl-hpcf-n21                                          
CPU Efficiency: 99.77% of 00:49:58 core-walltime
