PSO_S_ODE_NonLinear
line 314
line 363
line 383
line 431
ln 482
ln 547
ln 559
ln 576
ln 626
ln 628
ln 633
ln 635
PSO:1
ln 695
ln 701
ln 775 - PSO starts
ln 1194
ln 1270
blindpso+cost.est:
  0.654536
  0.316041
 0.0497847
  0.486654
  0.515643
0.00621164
0.020657

PSO:2
ln 652
ln 695
ln 701
ln 775 - PSO starts
line 804
 ln 948 
ln 961
ln 961
ln 961
ln 961
ln 961
line 804
 ln 948 
ln 961
ln 961
ln 961
ln 961
ln 961
line 804
 ln 948 
ln 961
ln 961
ln 961
ln 961
ln 961
line 804
 ln 948 
ln 961
ln 961
ln 961
ln 961
ln 961
igmme + cost.est:
   0.629078
   0.156491
  0.0370261
   0.225983
   0.583018
1.85394e-05
0.00664663

w.mat     2.04079      3.14204   0.00359641 -0.000940607  0.000250541 -6.66377e-05     0.658188 -2.98708e-05  -0.00015416
     3.14204       4.9078   0.00399399 -0.000494647  0.000175827 -9.75409e-05      1.02582  0.000158324 -0.000221757
  0.00359641   0.00399399   0.00663261  -2.3004e-05  2.14904e-05 -6.92998e-05   0.00109975 -4.72726e-05 -2.75686e-05
-0.000940607 -0.000494647  -2.3004e-05  2.77943e-05  1.93893e-06  1.31783e-07 -6.43032e-05   4.8894e-06  5.05085e-07
 0.000250541  0.000175827  2.14904e-05  1.93893e-06  8.23339e-06  -1.8779e-07  0.000115467 -1.35819e-07 -2.00624e-06
-6.66377e-05 -9.75409e-05 -6.92998e-05  1.31783e-07  -1.8779e-07  1.43915e-06 -2.21223e-05  1.31446e-06  4.85286e-07
    0.658188      1.02582   0.00109975 -6.43032e-05  0.000115467 -2.21223e-05     0.215512  4.35546e-05 -4.52503e-05
-2.98708e-05  0.000158324 -4.72726e-05   4.8894e-06 -1.35819e-07  1.31446e-06  4.35546e-05  6.48322e-05   7.0299e-06
 -0.00015416 -0.000221757 -2.75686e-05  5.05085e-07 -2.00624e-06  4.85286e-07 -4.52503e-05   7.0299e-06  1.10629e-05

GBMAT: 
   0.199232   0.0774731    0.966604    0.705864    0.735464     0.85653     2053.56
   0.318005    0.262029    0.105018    0.113452     0.45147     0.13368     1760.22
   0.375779    0.259372    0.105573    0.112526    0.791821    0.132125      1730.2
   0.569106    0.378126   0.0422052     0.51656    0.424382  0.00528477     1529.73
   0.654536    0.316041   0.0497847    0.486654    0.515643  0.00621164     1504.97
   0.654536    0.316041   0.0497847    0.486654    0.515643  0.00621164    0.020657
   0.654536    0.316041   0.0497847    0.486654    0.515643  0.00621164    0.020657
   0.549413    0.139615   0.0392049    0.388219    0.513471 0.000513372  0.00770037
   0.548504    0.139467   0.0388481    0.387774    0.516377  0.00051235  0.00760668
   0.565524    0.132178   0.0358041     0.39809    0.524197  0.00051235  0.00739897
   0.564685    0.141822   0.0342461       0.327    0.534279 0.000242311  0.00733169
   0.648268    0.141822   0.0342461    0.242209    0.596404 0.000160957  0.00718885
   0.648641    0.140646   0.0372237    0.287688    0.609615 0.000158153  0.00717643
   0.450603    0.117612   0.0361979    0.163438    0.557258 0.000149966  0.00712569
   0.450603    0.117612   0.0361979    0.163438    0.557258 0.000149966  0.00748828
   0.583798    0.130991   0.0355598    0.192163    0.614237 0.000149981  0.00716596
   0.635082     0.14754    0.033833    0.323664    0.615902 0.000135532   0.0071532
   0.632569    0.156166   0.0345192    0.243888    0.604097  0.00013179  0.00694382
   0.611165    0.157573    0.035947    0.225256    0.617483 0.000120652  0.00685318
   0.657784    0.168089   0.0355591    0.201011    0.565905 0.000103838  0.00685121
   0.654653    0.166296   0.0355314    0.202959    0.562965 0.000103133  0.00682715
   0.632209    0.153438   0.0353329    0.216926    0.541891 6.61124e-05  0.00676316
   0.632209    0.153438   0.0353329    0.216926    0.541891 6.61124e-05  0.00675128
   0.627286    0.149668   0.0380115     0.22439    0.584228 6.82193e-05  0.00670485
   0.638597    0.153617   0.0365293    0.212625    0.574804 8.14067e-05  0.00668014
   0.636855     0.15592   0.0365293    0.212625    0.574804 8.06355e-05  0.00665453
   0.633895    0.154925   0.0367211    0.215053    0.576438 7.73706e-05  0.00664549
   0.633957    0.154925   0.0371218    0.214981    0.576438 7.72171e-05  0.00663958
   0.633957    0.154925   0.0371218    0.214981    0.576438 7.72171e-05  0.00666026
   0.628513    0.153726   0.0367217    0.225784    0.574947 7.75245e-05  0.00665915
   0.631509    0.154616   0.0368927    0.222913    0.584312 7.64661e-05  0.00665678
   0.632796    0.154946   0.0370905    0.222218    0.581126 7.54264e-05  0.00665557
   0.632796    0.154946   0.0370905    0.222218    0.581126 4.89008e-05  0.00665471
   0.632874    0.156429   0.0372851    0.221971    0.581219 4.91452e-05  0.00665009
   0.632845    0.156415   0.0372711     0.22214    0.581225  4.9182e-05  0.00664986
   0.632845    0.156415   0.0372711     0.22214    0.581225  4.9182e-05  0.00665142
   0.629629    0.156543   0.0373215    0.220918    0.583987 4.90255e-05  0.00665077
   0.630833     0.15754   0.0372489    0.221278    0.581976 4.90536e-05  0.00664962
   0.632482    0.156986   0.0370327    0.220144     0.58144 3.99393e-05  0.00664897
   0.630464    0.156493   0.0370953    0.221043    0.581469 4.08921e-05  0.00664844
   0.630936    0.157467    0.037037    0.224205    0.581479 3.95868e-05  0.00664785
   0.630933    0.157443    0.037034    0.224175     0.58144 3.95796e-05  0.00664784
   0.631086    0.157299   0.0370243    0.225498    0.581288    4.07e-05  0.00664766
   0.630285    0.156897   0.0370126    0.226835    0.581547 4.03608e-05  0.00664766
   0.630334    0.157038   0.0370083     0.22564     0.58183 3.35867e-05  0.00664739
   0.628944    0.156828   0.0370281    0.225311     0.58236 2.22284e-05  0.00664696
   0.629448    0.156702   0.0370281    0.225311     0.58236 2.16224e-05  0.00664677
   0.629454    0.156774   0.0370253    0.225656    0.583321 2.00485e-05  0.00664673
   0.629696    0.156615   0.0370228    0.225662    0.582236  2.0648e-05  0.00664672
   0.629696    0.156615   0.0370228    0.225662    0.582236  2.0648e-05  0.00664672
   0.629469    0.156637   0.0370247    0.226013     0.58208 2.07301e-05  0.00664672
   0.629456    0.156705   0.0370268    0.225991    0.582803 2.03212e-05   0.0066467
   0.629078    0.156491   0.0370261    0.225983    0.583018 1.85394e-05  0.00664663
   0.629078    0.156491   0.0370261    0.225983    0.583018 1.85394e-05  0.00664663
CODE FINISHED RUNNING IN 120 s TIME!
Job Statistics for 1417467:
           JobID       User               Start                 End    Elapsed     MaxRSS   TotalCPU      State Exit        NodeList                                  ReqTRES 
---------------- ---------- ------------------- ------------------- ---------- ---------- ---------- ---------- ---- --------------- ---------------------------------------- 
         1417467   rsjxw007 2021-07-07T13:00:01 2021-07-07T13:02:02   00:02:01             01:59.795  COMPLETED  0:0   r1pl-hpcf-n21        billing=8,cpu=8,mem=62496M,node=1 
   1417467.batch            2021-07-07T13:00:01 2021-07-07T13:02:02   00:02:01      1.27M  01:59.793  COMPLETED  0:0   r1pl-hpcf-n21                                          
  1417467.extern            2021-07-07T13:00:01 2021-07-07T13:02:02   00:02:01          0  00:00.001  COMPLETED  0:0   r1pl-hpcf-n21                                          
CPU Efficiency: 12.40% of 00:16:08 core-walltime
