PSO_S_ODE_NonLinear
line 314
line 363
line 383
line 431
ln 482
ln 547
ln 559
ln 576
ln 626
ln 628
ln 633
ln 635
PSO:1
ln 695
ln 701
ln 775 - PSO starts
ln 1194
ln 1270
blindpso+cost.est:
0.0142599
 0.806548
 0.441743
 0.253843
 0.697605
 0.777381
0.371531

PSO:2
ln 652
ln 695
ln 701
ln 775 - PSO starts
line 804
 ln 948 
ln 961
ln 961
ln 961
ln 961
ln 961
line 804
 ln 948 
ln 961
ln 961
ln 961
ln 961
ln 961
line 804
 ln 948 
ln 961
ln 961
ln 961
ln 961
ln 961
line 804
 ln 948 
ln 961
ln 961
ln 961
ln 961
ln 961
igmme + cost.est:
   0.999871
   0.179012
  0.0256179
 0.00987281
4.61463e-05
3.06735e-06
0.0121708

w.mat     2.71868      3.13447  0.000240016   -0.0042326  0.000129882  1.66606e-06      0.77699 -0.000614405  0.000765053
     3.13447      3.65902  -0.00105667  -0.00407978  3.99185e-05  1.64153e-05     0.905279 -0.000562014   0.00109143
 0.000240016  -0.00105667   0.00583654 -2.19401e-05  3.95575e-06 -5.39976e-05 -0.000216443 -6.30305e-05 -3.91191e-05
  -0.0042326  -0.00407978 -2.19401e-05  3.88809e-05  1.23282e-06  3.07967e-07 -0.000966877  1.01397e-06 -1.70235e-06
 0.000129882  3.99185e-05  3.95575e-06  1.23282e-06  3.82713e-06  4.33712e-08  6.02796e-05 -3.63452e-06  -7.9625e-06
 1.66606e-06  1.64153e-05 -5.39976e-05  3.07967e-07  4.33712e-08  8.95981e-07  4.94479e-06  1.83335e-07  5.65147e-08
     0.77699     0.905279 -0.000216443 -0.000966877  6.02796e-05  4.94479e-06     0.225104 -0.000173922  0.000203229
-0.000614405 -0.000562014 -6.30305e-05  1.01397e-06 -3.63452e-06  1.83335e-07 -0.000173922  6.97387e-05  1.39358e-05
 0.000765053   0.00109143 -3.91191e-05 -1.70235e-06  -7.9625e-06  5.65147e-08  0.000203229  1.39358e-05  3.08387e-05

GBMAT: 
   0.792784     0.14111    0.474007    0.671002   0.0333836    0.859469     1974.28
  0.0183507    0.771954    0.319604    0.316089    0.751651    0.766781     1126.65
 0.00864271    0.725468    0.612793    0.309064    0.577448    0.525696     1124.06
  0.0138011    0.762192    0.373823    0.322275    0.712317     0.76403     1117.96
  0.0142599    0.806548    0.441743    0.253843    0.697605    0.777381     1112.65
  0.0142599    0.806548    0.441743    0.253843    0.697605    0.777381    0.371531
  0.0142599    0.806548    0.441743    0.253843    0.697605    0.777381    0.371531
   0.056364    0.843937    0.261775     0.17703    0.598706    0.240537    0.139165
  0.0250487    0.917291    0.544762   0.0426256    0.785536   0.0426456    0.129007
  0.0269598     0.92386    0.555448    0.036264    0.785014    0.038394    0.128679
  0.0638502    0.893916    0.327387   0.0844872     0.38328    0.151566    0.104732
  0.0638502     0.93676    0.219716    0.113454    0.447216   0.0958956    0.103465
  0.0638502    0.949163    0.438719    0.113454    0.683115   0.0958956    0.100684
   0.168759    0.934852    0.611035    0.130079    0.707259    0.122264    0.094757
  0.0842222    0.948897    0.491207    0.142384    0.652561    0.148226   0.0918185
  0.0985554    0.956237    0.522945    0.104418     0.75857    0.149492   0.0904903
   0.151325    0.967353    0.196187   0.0388328      0.4439   0.0527547   0.0783043
   0.151325    0.967353    0.196187   0.0388328      0.4439   0.0527547   0.0783043
   0.151325    0.967353    0.152636   0.0388328      0.4439   0.0527547   0.0683518
     0.3792    0.954838    0.214127   0.0471945    0.615918   0.0984351   0.0644746
   0.232042    0.964808    0.141245   0.0365966         0.5   0.0648121   0.0584226
   0.228824    0.944744   0.0859335   0.0811941     0.55737    0.041783   0.0454178
   0.365698    0.972417   0.0738532   0.0646642    0.105466   0.0358234    0.031688
   0.379175    0.970525   0.0946988   0.0548978     0.17559   0.0704989   0.0309436
   0.392396    0.974123   0.0992984   0.0573011    0.201605   0.0645171   0.0307524
   0.433974    0.974123   0.0762084   0.0573011   0.0969874   0.0645171   0.0286078
    0.45317    0.946184    0.065178   0.0595278   0.0802294   0.0284199   0.0273042
   0.537378    0.951176    0.065178   0.0428414   0.0584943   0.0223387   0.0270075
   0.547088    0.976232    0.034994   0.0936967   0.0535004   0.0144105   0.0268117
   0.773297    0.980504   0.0617914   0.0289901   0.0243757   0.0160862   0.0265221
   0.746393    0.980052   0.0601225   0.0334759   0.0287393   0.0155353   0.0262134
   0.812195     0.97829   0.0588541   0.0267781   0.0282179   0.0151167    0.025206
   0.795023    0.981789   0.0543121   0.0232135   0.0109011   0.0169082   0.0221987
   0.795023    0.985311   0.0438517   0.0232602  0.00879263   0.0169082    0.019408
   0.795023    0.985311   0.0438517   0.0232602  0.00879263   0.0169082    0.019408
   0.795023    0.985311   0.0438517   0.0232602  0.00879263   0.0169082    0.280968
     0.8129    0.777624   0.0424736    0.100675  0.00732672   0.0107028    0.158309
   0.895397    0.905514   0.0485445    0.043809  0.00550799  0.00484287    0.151968
   0.936947    0.905514   0.0485445    0.043809  0.00216923  0.00164703    0.145019
   0.945517    0.905514   0.0485445    0.043809  0.00216923  0.00131171    0.143835
   0.945517    0.905514   0.0485445    0.043809  0.00216923  0.00131171    0.143835
   0.945517    0.907992   0.0485445   0.0188021  0.00094441  0.00131171    0.142579
   0.924131    0.781677   0.0351311   0.0433332  0.00112684  0.00223345    0.115687
   0.972403    0.821305   0.0350364   0.0320886 0.000610445 0.000722561    0.110374
   0.992091    0.821305   0.0350364   0.0320886 0.000610445 0.000200903    0.104622
   0.952461    0.719739   0.0332909   0.0274022 0.000368905  0.00091178   0.0924661
   0.953249    0.717084   0.0330451   0.0272713  0.00263713 0.000893616    0.092134
   0.955827    0.703076   0.0334728   0.0265807   0.0124516 0.000797757   0.0859654
   0.959503    0.559094   0.0288117   0.0185343  0.00628863 0.000688578   0.0640422
   0.960914    0.495051    0.026002   0.0199729  0.00635356    0.000544   0.0606893
   0.942167    0.412328    0.026002   0.0148352  0.00471922 0.000404065   0.0425268
   0.994807     0.43338   0.0312014  0.00367558 0.000859233 0.000377412   0.0328579
   0.983139    0.377925   0.0313954   0.0042072  0.00132576 0.000125845   0.0257951
   0.983851    0.359733   0.0315683  0.00401058  0.00139057 0.000102253    0.023985
    0.98205    0.307866   0.0272929  0.00807491  0.00311007 0.000325054   0.0202284
   0.988107    0.281521   0.0289438  0.00305719  0.00192228  0.00018041   0.0195119
   0.992015    0.295018   0.0287908   0.0349439   0.0016362 0.000120996   0.0188378
   0.991062    0.307319   0.0294621  0.00992212  0.00135836 0.000143463   0.0179987
   0.994132    0.238947   0.0324582   0.0101758  0.00121609 9.39549e-05   0.0150236
   0.996127    0.202928   0.0292942  0.00891172  0.00114235 6.94709e-05   0.0127748
   0.996127    0.202928   0.0292942  0.00891172  0.00114235 6.94709e-05   0.0127748
   0.998149    0.151534   0.0265993  0.00572697 0.000715571 3.28643e-05   0.0125189
   0.998149    0.151534   0.0265993  0.00572697 0.000715571 3.28643e-05   0.0144169
   0.998511    0.146881   0.0245639  0.00514836 0.000534989 2.61438e-05   0.0137482
   0.998662    0.148426   0.0230689  0.00541026  0.00024886 2.93148e-05   0.0135817
    0.99835    0.157541   0.0236182  0.00514189 0.000213229 2.92569e-05   0.0135642
   0.998411    0.153723   0.0238906  0.00513378 0.000323744 2.78253e-05   0.0134236
   0.998447    0.149362   0.0230372   0.0203064 0.000246133  2.5857e-05   0.0126762
   0.998606    0.150012   0.0237132  0.00972864 0.000237402 2.70072e-05   0.0123074
   0.998774     0.15289   0.0237487  0.00947455 0.000185015 2.68117e-05   0.0123009
   0.999059    0.153128   0.0235644   0.0104337 0.000160005 2.56346e-05   0.0122974
   0.999444    0.150701   0.0238591   0.0101761 0.000158031 1.51434e-05   0.0122819
   0.999475    0.159305   0.0238591   0.0101761 0.000158031 1.51434e-05   0.0122764
   0.999769    0.159305   0.0238591   0.0101761 0.000158031 6.66571e-06   0.0122753
   0.999769    0.159305   0.0238591   0.0101761 0.000158031 6.66571e-06   0.0125802
   0.999776    0.172861   0.0271243  0.00985008 0.000157255 6.63297e-06   0.0125607
   0.999724    0.162991   0.0239576  0.00990303 0.000138746 8.00261e-06   0.0125381
   0.999691    0.164958   0.0247207   0.0102755 0.000116797 8.48128e-06    0.012467
   0.999691    0.176365   0.0247207  0.00862506 7.22224e-05 5.24447e-06   0.0124389
   0.999825    0.184284   0.0252234  0.00939106 6.53288e-05 3.03393e-06   0.0123303
   0.999818    0.197135    0.026326  0.00935404 6.49515e-05 3.44415e-06   0.0123208
   0.999815    0.186742   0.0258419  0.00930103 5.86631e-05 3.36437e-06   0.0122927
   0.999815    0.186742   0.0258419  0.00930103 5.86631e-05 3.36437e-06   0.0122134
   0.999821    0.185968   0.0258585  0.00903503 5.75407e-05 3.36814e-06   0.0122104
   0.999819    0.186394     0.02588  0.00914327 5.79105e-05  3.3663e-06   0.0122096
   0.999821    0.185826   0.0258642  0.00904039 5.74901e-05 3.35895e-06   0.0122083
   0.999837     0.17444   0.0254046  0.00909678 5.66765e-05 3.30212e-06   0.0121997
   0.999837    0.174531   0.0253894  0.00909131 5.66424e-05 3.30014e-06   0.0121994
   0.999838    0.175316    0.025327  0.00980797 5.65033e-05  3.2796e-06   0.0121775
   0.999838    0.175003   0.0253166   0.0101984 5.63037e-05 3.27824e-06   0.0121753
   0.999838    0.175019   0.0253154   0.0101986 5.63037e-05 3.27821e-06   0.0121753
   0.999845    0.178791   0.0256566  0.00978937 5.29377e-05 3.14158e-06   0.0121716
   0.999845    0.178791   0.0256656  0.00986217 5.20992e-05 3.14157e-06   0.0121713
   0.999859    0.178326   0.0255796  0.00988281  5.2691e-05  3.0976e-06   0.0121711
   0.999862     0.17859   0.0255792  0.00987851 5.16886e-05 3.09716e-06    0.012171
   0.999859    0.179036   0.0255969    0.009875 5.17741e-05 3.09069e-06    0.012171
   0.999872    0.179029   0.0256205  0.00987313 5.17643e-05  3.0901e-06   0.0121709
   0.999872    0.179029   0.0256205  0.00987313 5.17643e-05  3.0901e-06   0.0121709
   0.999871    0.179012   0.0256179  0.00987281 4.61463e-05 3.06735e-06   0.0121708
CODE FINISHED RUNNING IN 3115 s TIME!
Job Statistics for 1410586:
           JobID       User               Start                 End    Elapsed     MaxRSS   TotalCPU      State Exit        NodeList                                  ReqTRES 
---------------- ---------- ------------------- ------------------- ---------- ---------- ---------- ---------- ---- --------------- ---------------------------------------- 
         1410586   rsjxw007 2021-06-29T14:02:47 2021-06-29T14:54:43   00:51:56             51:42.280  COMPLETED  0:0   r1pl-hpcf-n01         billing=1,cpu=1,mem=7812M,node=1 
   1410586.batch            2021-06-29T14:02:47 2021-06-29T14:54:43   00:51:56      1.31M  51:42.279  COMPLETED  0:0   r1pl-hpcf-n01                                          
  1410586.extern            2021-06-29T14:02:47 2021-06-29T14:54:43   00:51:56          0  00:00.001  COMPLETED  0:0   r1pl-hpcf-n01                                          
CPU Efficiency: 99.55% of 00:51:56 core-walltime
