USING NONMIXED MOMENTS!!
nRuns:1
Using two part PSO Sample Size:1250 with:12 moments.
Using Times: 2 10 20 30 40
Bounds for Uniform Distribution (0,1)
Blind PSO --> nParts:1 Nsteps:1
Targeted PSO --> nParts:1 Nsteps:2
sdbeta:0.1
Reading in data!
Using starting row of data:0 and 1250 data pts!
first row X0:260.559 2143.24 4.86708 4.95832 65.2493 4.94309
final row X0:249.987 2396.05 5.91041 5.47538  172.01 5.00391



Loading in Truk!
Calculating Yt!
truk cost:5.62102e+09
XtmVec:    1.82998     1533.91     208.843     166.962     18.2925     193.076      9.5826 2.64216e+06     50146.8     49826.6      2181.6     41565.9
XtmVec:    73.6932     514.475      136.98     1240.75    0.779948     210.589     18540.1      588578       22726 1.80532e+06     69.3743       51273
XtmVec:    151.054     125.176     59.6191      1707.1    0.472086     210.897     33692.6      123252     5190.63 3.18748e+06     29.1308     51481.7
XtmVec:    166.524     45.3917     44.1493      1802.3    0.424099     210.945     35694.3     44548.1      2492.5 3.52224e+06     24.0232     51517.1
XtmVec:    169.288      24.789     41.3853     1825.66    0.413326     210.955       35951     22985.8     2055.37 3.60652e+06     23.1249       51525
seedk: 0.1  0.1 0.95 0.17 0.05 0.18| cost:5.62102e+09
PSO begins!
current: 0.1  0.1 0.95 0.17 0.05 0.18 5.62102e+09
GBMAT from blind PSO:

        0.1         0.1        0.95        0.17        0.05        0.18 5.62102e+09
        0.1         0.1        0.95        0.17        0.05        0.18 5.62102e+09

truk:  0.1  0.1 0.95 0.17 0.05 0.18
total difference b/w truk and final GBVEC0

blind PSO FINISHED RUNNING IN 14 s TIME!
targeted PSO has started!
Updating Weight Matrix!
GBVEC AND COST:        0.1         0.1        0.95        0.17        0.05        0.18 5.62102e+09
Weights Before Inversion:
     16.7376     -1366.93            0            0            0            0            0            0            0            0            0            0
    -1366.93       601282     -26845.9            0            0            0            0            0            0            0            0            0
           0     -26845.9        13820      21834.6            0            0            0            0            0            0            0            0
           0            0      21834.6      44895.8     -5553.72            0            0            0            0            0            0            0
           0            0            0     -5553.72       3651.9      825.959            0            0            0            0            0            0
           0            0            0            0      825.959      8179.49      247.369            0            0            0            0            0
           0            0            0            0            0      247.369      41942.2 -4.87387e+07            0            0            0            0
           0            0            0            0            0            0 -4.87387e+07  7.27622e+12 -3.58806e+10            0            0            0
           0            0            0            0            0            0            0 -3.58806e+10  3.92131e+09  7.06074e+09            0            0
           0            0            0            0            0            0            0            0  7.06074e+09  1.59859e+10 -2.79717e+08            0
           0            0            0            0            0            0            0            0            0 -2.79717e+08  2.12068e+08  2.12905e+07
           0            0            0            0            0            0            0            0            0            0  2.12905e+07  1.66207e+09
Weights:
   0.0849656   0.00030881   0.00259034  -0.00125985 -5.29795e-07  2.36451e-08 -2.71955e-11 -1.35961e-22 -2.73585e-20  5.29269e-21  1.92087e-19 -3.13899e-22
  0.00030881  3.78127e-06  3.17178e-05 -1.54264e-05 -6.48716e-09  2.89527e-10 -3.32999e-13  -1.6648e-24 -3.34996e-22  6.48073e-23  2.35204e-21 -3.84359e-24
  0.00259034  3.17178e-05  0.000578508 -0.000281365 -1.18321e-07  5.28074e-09 -6.07365e-12 -3.03646e-23 -6.11007e-21  1.18203e-21  4.28994e-20  -7.0104e-23
 -0.00125985 -1.54264e-05 -0.000281365  0.000159121   6.6914e-08 -2.98642e-09  3.43484e-12  1.71721e-23  3.45543e-21 -6.68477e-22  -2.4261e-20   3.9646e-23
-5.29795e-07 -6.48716e-09 -1.18321e-07   6.6914e-08  7.57474e-08 -3.38066e-09  3.88827e-12   1.9439e-23  3.91159e-21 -7.56723e-22 -2.74637e-20  4.48797e-23
 2.36451e-08  2.89527e-10  5.28074e-09 -2.98642e-09 -3.38066e-09  1.49473e-08 -1.71917e-11  -8.5948e-23 -1.72947e-20  3.34578e-21  1.21428e-19 -1.98432e-22
-2.71955e-11 -3.32999e-13 -6.07365e-12  3.43484e-12  3.88827e-12 -1.71917e-11  5.68458e-10  2.84195e-21  5.71867e-19 -1.10631e-19 -4.01514e-18  6.56133e-21
-1.35961e-22  -1.6648e-24 -3.03646e-23  1.71721e-23   1.9439e-23  -8.5948e-23  2.84195e-21  2.44564e-24  4.92121e-22  -9.5204e-23 -3.45523e-21  5.64636e-24
-2.73585e-20 -3.34996e-22 -6.11007e-21  3.45543e-21  3.91159e-21 -1.72947e-20  5.71867e-19  4.92121e-22  9.97969e-20 -1.93064e-20 -7.00685e-19  1.14502e-21
 5.29269e-21  6.48073e-23  1.18203e-21 -6.68477e-22 -7.56723e-22  3.34578e-21 -1.10631e-19  -9.5204e-23 -1.93064e-20  1.07221e-20  3.89138e-19 -6.35908e-22
 1.92087e-19  2.35204e-21  4.28994e-20  -2.4261e-20 -2.74637e-20  1.21428e-19 -4.01514e-18 -3.45523e-21 -7.00685e-19  3.89138e-19  2.22393e-17 -3.63424e-20
-3.13899e-22 -3.84359e-24  -7.0104e-23   3.9646e-23  4.48797e-23 -1.98432e-22  6.56133e-21  5.64636e-24  1.14502e-21 -6.35908e-22 -3.63424e-20  3.61994e-19
Weights Before Inversion:
     27285.9     -79103.8            0            0            0            0            0            0            0            0            0            0
    -79103.8       670069      21167.3            0            0            0            0            0            0            0            0            0
           0      21167.3      7857.05      3100.24            0            0            0            0            0            0            0            0
           0            0      3100.24       544717     -1187.23            0            0            0            0            0            0            0
           0            0            0     -1187.23      82.8863      153.424            0            0            0            0            0            0
           0            0            0            0      153.424      13093.6      -455838            0            0            0            0            0
           0            0            0            0            0      -455838  3.39068e+09 -2.33422e+10            0            0            0            0
           0            0            0            0            0            0 -2.33422e+10  2.14051e+12  2.13112e+09            0            0            0
           0            0            0            0            0            0            0  2.13112e+09  6.31855e+08  7.52321e+09            0            0
           0            0            0            0            0            0            0            0  7.52321e+09  4.00106e+12 -1.76075e+08            0
           0            0            0            0            0            0            0            0            0 -1.76075e+08  2.15065e+06  9.45839e+06
           0            0            0            0            0            0            0            0            0            0  9.45839e+06  3.58028e+09
Weights:
 5.85597e-05  7.55787e-06 -2.04086e-05  1.19984e-07  1.75691e-06 -2.06913e-08 -3.00832e-12 -3.29187e-14   1.1358e-13 -2.14347e-16 -1.77549e-14   4.6905e-17
 7.55787e-06    2.607e-06 -7.03971e-06  4.13872e-08  6.06025e-07  -7.1372e-09 -1.03768e-12 -1.13549e-14  3.91782e-14 -7.39363e-17 -6.12436e-15  1.61793e-17
-2.04086e-05 -7.03971e-06   0.00014658 -8.61757e-07 -1.26185e-05   1.4861e-07  2.16065e-11   2.3643e-13 -8.15761e-13  1.53949e-15   1.2752e-13 -3.36883e-16
 1.19984e-07  4.13872e-08 -8.61757e-07   1.9014e-06  2.78419e-05 -3.27896e-07 -4.76731e-11 -5.21666e-13  1.79992e-12 -3.39677e-15 -2.81364e-13  7.43309e-16
 1.75691e-06  6.06025e-07 -1.26185e-05  2.78419e-05    0.0127413 -0.000150055 -2.18166e-08  -2.3873e-10  8.23695e-10 -1.55446e-12 -1.28761e-10   3.4016e-13
-2.06913e-08  -7.1372e-09   1.4861e-07 -3.27896e-07 -0.000150055  7.85291e-05  1.14174e-08  1.24936e-10 -4.31069e-10  8.13505e-13   6.7385e-11 -1.78018e-13
-3.00832e-12 -1.03768e-12  2.16065e-11 -4.76731e-11 -2.18166e-08  1.14174e-08  3.20613e-10  3.50833e-12 -1.21049e-11  2.28441e-14  1.89224e-12 -4.99893e-15
-3.29187e-14 -1.13549e-14   2.3643e-13 -5.21666e-13  -2.3873e-10  1.24936e-10  3.50833e-12  5.07179e-13 -1.74993e-12  3.30244e-15  2.73551e-13 -7.22667e-16
  1.1358e-13  3.91782e-14 -8.15761e-13  1.79992e-12  8.23695e-10 -4.31069e-10 -1.21049e-11 -1.74993e-12  1.62506e-09 -3.06678e-12 -2.54031e-10  6.71098e-13
-2.14347e-16 -7.39363e-17  1.53949e-15 -3.39677e-15 -1.55446e-12  8.13505e-13  2.28441e-14  3.30244e-15 -3.06678e-12  2.56635e-13  2.12579e-11 -5.61591e-14
-1.77549e-14 -6.12436e-15   1.2752e-13 -2.81364e-13 -1.28761e-10   6.7385e-11  1.89224e-12  2.73551e-13 -2.54031e-10  2.12579e-11  4.72203e-07 -1.24747e-09
  4.6905e-17  1.61793e-17 -3.36883e-16  7.43309e-16   3.4016e-13 -1.78018e-13 -4.99893e-15 -7.22667e-16  6.71098e-13 -5.61591e-14 -1.24747e-09  2.82603e-10
Weights Before Inversion:
     22687.3     -38176.9            0            0            0            0            0            0            0            0            0            0
    -38176.9       208291      15011.6            0            0            0            0            0            0            0            0            0
           0      15011.6      3379.07     -2835.12            0            0            0            0            0            0            0            0
           0            0     -2835.12       565617     -652.274            0            0            0            0            0            0            0
           0            0            0     -652.274      30.2386      88.5784            0            0            0            0            0            0
           0            0            0            0      88.5784      13275.9      -650092            0            0            0            0            0
           0            0            0            0            0      -650092  3.34461e+09 -9.13767e+09            0            0            0            0
           0            0            0            0            0            0 -9.13767e+09  4.03342e+11  2.11618e+09            0            0            0
           0            0            0            0            0            0            0  2.11618e+09   1.0743e+08   7.4567e+08            0            0
           0            0            0            0            0            0            0            0   7.4567e+08  7.48438e+12 -8.98597e+07            0
           0            0            0            0            0            0            0            0            0 -8.98597e+07       378398  4.60811e+06
           0            0            0            0            0            0            0            0            0            0  4.60811e+06  3.68474e+09
Weights:
 8.08179e-05  2.18336e-05 -9.74166e-05 -5.01008e-07 -1.10249e-05  7.43191e-08  1.55166e-11  3.92075e-13 -7.72855e-12  7.72232e-16  1.86221e-13 -2.32887e-16
 2.18336e-05   1.2975e-05 -5.78915e-05 -2.97733e-07 -6.55173e-06  4.41654e-08  9.22099e-12  2.32997e-13 -4.59283e-12  4.58912e-16  1.10665e-13 -1.38397e-16
-9.74166e-05 -5.78915e-05  0.000555521  2.85701e-06  6.28697e-05 -4.23807e-07 -8.84836e-11 -2.23582e-12  4.40723e-11 -4.40368e-15 -1.06193e-12  1.32804e-15
-5.01008e-07 -2.97733e-07  2.85701e-06  1.82871e-06  4.02414e-05 -2.71269e-07 -5.66363e-11  -1.4311e-12  2.82096e-11 -2.81869e-15 -6.79718e-13  8.50051e-16
-1.10249e-05 -6.55173e-06  6.28697e-05  4.02414e-05     0.034622 -0.000233388 -4.87274e-08 -1.23125e-09  2.42703e-08 -2.42508e-12 -5.84799e-10  7.31346e-13
 7.43191e-08  4.41654e-08 -4.23807e-07 -2.71269e-07 -0.000233388  7.76757e-05  1.62174e-08  4.09783e-10 -8.07761e-09   8.0711e-13  1.94632e-10 -2.43405e-13
 1.55166e-11  9.22099e-12 -8.84836e-11 -5.66363e-11 -4.87274e-08  1.62174e-08  3.24545e-10  8.20066e-12 -1.61651e-10   1.6152e-14  3.89501e-12 -4.87107e-15
 3.92075e-13  2.32997e-13 -2.23582e-12  -1.4311e-12 -1.23125e-09  4.09783e-10  8.20066e-12  2.97249e-12 -5.85935e-11  5.85463e-15  1.41182e-12 -1.76562e-15
-7.72855e-12 -4.59283e-12  4.40723e-11  2.82096e-11  2.42703e-08 -8.07761e-09 -1.61651e-10 -5.85935e-11  1.04699e-08 -1.04614e-12 -2.52274e-10  3.15492e-13
 7.72232e-16  4.58912e-16 -4.40368e-15 -2.81869e-15 -2.42508e-12   8.0711e-13   1.6152e-14  5.85463e-15 -1.04614e-12  1.34104e-13  3.23388e-11 -4.04426e-14
 1.86221e-13  1.10665e-13 -1.06193e-12 -6.79718e-13 -5.84799e-10  1.94632e-10  3.89501e-12  1.41182e-12 -2.52274e-10  3.23388e-11  2.69139e-06 -3.36583e-09
-2.32887e-16 -1.38397e-16  1.32804e-15  8.50051e-16  7.31346e-13 -2.43405e-13 -4.87107e-15 -1.76562e-15  3.15492e-13 -4.04426e-14 -3.36583e-09  2.75599e-10
Weights Before Inversion:
     16802.1     -15361.1            0            0            0            0            0            0            0            0            0            0
    -15361.1      76140.9      4575.52            0            0            0            0            0            0            0            0            0
           0      4575.52      1087.54     -1980.02            0            0            0            0            0            0            0            0
           0            0     -1980.02       574106      -532.48            0            0            0            0            0            0            0
           0            0            0      -532.48      24.4201       76.161            0            0            0            0            0            0
           0            0            0            0       76.161      13306.6      -603689            0            0            0            0            0
           0            0            0            0            0      -603689  3.13461e+09  -3.7451e+09            0            0            0            0
           0            0            0            0            0            0  -3.7451e+09  1.26467e+11  5.66692e+08            0            0            0
           0            0            0            0            0            0            0  5.66692e+08  2.10558e+07  -6.4087e+07            0            0
           0            0            0            0            0            0            0            0  -6.4087e+07  9.03032e+12 -7.22166e+07            0
           0            0            0            0            0            0            0            0            0 -7.22166e+07       261582  3.85066e+06
           0            0            0            0            0            0            0            0            0            0  3.85066e+06  3.70359e+09
Weights:
 7.90803e-05  2.13992e-05 -9.06126e-05 -3.19084e-07 -7.08527e-06  4.09256e-08  8.21219e-12  2.76542e-13 -7.44298e-12 -5.29405e-17 -1.48428e-14  1.54322e-17
 2.13992e-05  2.34067e-05 -9.91131e-05 -3.49018e-07 -7.74994e-06  4.47648e-08  8.98259e-12  3.02485e-13 -8.14122e-12 -5.79069e-17 -1.62352e-14  1.68799e-17
-9.06126e-05 -9.91131e-05   0.00134513  4.73674e-06  0.000105179 -6.07532e-07 -1.21908e-10 -4.10521e-12   1.1049e-10  7.85891e-16  2.20338e-13 -2.29088e-16
-3.19084e-07 -3.49018e-07  4.73674e-06  1.79515e-06  3.98613e-05 -2.30245e-07 -4.62013e-11 -1.55581e-12  4.18738e-11   2.9784e-16  8.35046e-14 -8.68206e-17
-7.08527e-06 -7.74994e-06  0.000105179  3.98613e-05    0.0425862 -0.000245984 -4.93596e-08 -1.66216e-09  4.47363e-08  3.18201e-13  8.92131e-11 -9.27557e-14
 4.09256e-08  4.47648e-08 -6.07532e-07 -2.30245e-07 -0.000245984  7.72621e-05  1.55035e-08  5.22075e-10 -1.40514e-08 -9.99448e-14 -2.80213e-11   2.9134e-14
 8.21219e-12  8.98259e-12 -1.21908e-10 -4.62013e-11 -4.93596e-08  1.55035e-08  3.35503e-10  1.12979e-11 -3.04078e-10 -2.16285e-15 -6.06392e-13  6.30471e-16
 2.76542e-13  3.02485e-13 -4.10521e-12 -1.55581e-12 -1.66216e-09  5.22075e-10  1.12979e-11  9.37209e-12 -2.52245e-10 -1.79417e-15 -5.03027e-13  5.23002e-16
-7.44298e-12 -8.14122e-12   1.1049e-10  4.18738e-11  4.47363e-08 -1.40514e-08 -3.04078e-10 -2.52245e-10   5.4283e-08  3.86105e-13  1.08251e-10  -1.1255e-13
-5.29405e-17 -5.79069e-17  7.85891e-16   2.9784e-16  3.18201e-13 -9.99448e-14 -2.16285e-15 -1.79417e-15  3.86105e-13   1.1099e-13  3.11179e-11 -3.23535e-14
-1.48428e-14 -1.62352e-14  2.20338e-13  8.35046e-14  8.92131e-11 -2.80213e-11 -6.06392e-13 -5.03027e-13  1.08251e-10  3.11179e-11  3.89104e-06 -4.04555e-09
 1.54322e-17  1.68799e-17 -2.29088e-16 -8.68206e-17 -9.27557e-14   2.9134e-14  6.30471e-16  5.23002e-16  -1.1255e-13 -3.23535e-14 -4.04555e-09  2.74214e-10
Weights Before Inversion:
     15429.3     -8086.17            0            0            0            0            0            0            0            0            0            0
    -8086.17      37588.8      2023.22            0            0            0            0            0            0            0            0            0
           0      2023.22      653.606     -1492.92            0            0            0            0            0            0            0            0
           0            0     -1492.92       566521     -500.583            0            0            0            0            0            0            0
           0            0            0     -500.583      23.3635      72.6609            0            0            0            0            0            0
           0            0            0            0      72.6609      13314.6      -576899            0            0            0            0            0
           0            0            0            0            0      -576899  3.10455e+09   -1.993e+09            0            0            0            0
           0            0            0            0            0            0   -1.993e+09  6.32108e+10  2.37511e+08            0            0            0
           0            0            0            0            0            0            0  2.37511e+08  8.56126e+06 -2.05869e+08            0            0
           0            0            0            0            0            0            0            0 -2.05869e+08  9.29186e+12 -6.90511e+07            0
           0            0            0            0            0            0            0            0            0 -6.90511e+07       244026  3.70393e+06
           0            0            0            0            0            0            0            0            0            0  3.70393e+06   3.7085e+09
Weights:
 7.49654e-05  1.93747e-05 -6.03444e-05 -1.62145e-07  -3.5346e-06  1.94493e-08  3.69769e-12  1.30161e-13 -3.61294e-12 -8.02191e-17 -2.30487e-14  2.30203e-17
 1.93747e-05  3.69692e-05 -0.000115144 -3.09392e-07 -6.74442e-06  3.71115e-08  7.05563e-12  2.48363e-13 -6.89391e-12 -1.53067e-16 -4.39796e-14  4.39254e-17
-6.03444e-05 -0.000115144   0.00189805  5.10005e-06  0.000111176  -6.1175e-07 -1.16306e-10 -4.09404e-12   1.1364e-10  2.52318e-15  7.24964e-13 -7.24071e-16
-1.62145e-07 -3.09392e-07  5.10005e-06  1.81353e-06  3.95331e-05 -2.17533e-07 -4.13573e-11  -1.4558e-12  4.04093e-11   8.9722e-16  2.57791e-13 -2.57473e-16
 -3.5346e-06 -6.74442e-06  0.000111176  3.95331e-05    0.0444089 -0.000244362 -4.64581e-08 -1.63535e-09  4.53932e-08  1.00788e-12  2.89585e-10 -2.89228e-13
 1.94493e-08  3.71115e-08  -6.1175e-07 -2.17533e-07 -0.000244362  7.70738e-05  1.46532e-08  5.15804e-10 -1.43174e-08 -3.17893e-13 -9.13375e-11  9.12249e-14
 3.69769e-12  7.05563e-12 -1.16306e-10 -4.13573e-11 -4.64581e-08  1.46532e-08   3.3234e-10  1.16986e-11 -3.24723e-10 -7.20992e-15 -2.07156e-12  2.06901e-15
 1.30161e-13  2.48363e-13 -4.09404e-12  -1.4558e-12 -1.63535e-09  5.15804e-10  1.16986e-11   1.8074e-11 -5.01687e-10 -1.11391e-14  -3.2005e-12  3.19656e-15
-3.61294e-12 -6.89391e-12   1.1364e-10  4.04093e-11  4.53932e-08 -1.43174e-08 -3.24723e-10 -5.01687e-10  1.30793e-07  2.90404e-12  8.34393e-10 -8.33365e-13
-8.02191e-17 -1.53067e-16  2.52318e-15   8.9722e-16  1.00788e-12 -3.17893e-13 -7.20992e-15 -1.11391e-14  2.90404e-12  1.07916e-13  3.10066e-11 -3.09683e-14
-2.30487e-14 -4.39796e-14  7.24964e-13  2.57791e-13  2.89585e-10 -9.13375e-11 -2.07156e-12  -3.2005e-12  8.34393e-10  3.10066e-11  4.16991e-06 -4.16477e-09
 2.30203e-17  4.39254e-17 -7.24071e-16 -2.57473e-16 -2.89228e-13  9.12249e-14  2.06901e-15  3.19656e-15 -8.33365e-13 -3.09683e-14 -4.16477e-09   2.7381e-10
New PBMAT:
0.0482001 0.0431629  0.937779  0.119798 0.0687382  0.139195  0.638783

GBMAT after targeted PSO:
        0.1         0.1        0.95        0.17        0.05        0.18 5.62102e+09
        0.1         0.1        0.95        0.17        0.05        0.18 5.62102e+09
        0.1         0.1        0.95        0.17        0.05        0.18   0.0298858
        0.1         0.1        0.95        0.17        0.05        0.18   0.0298858
        0.1         0.1        0.95        0.17        0.05        0.18   0.0298858
truk:  0.1  0.1 0.95 0.17 0.05 0.18 with trukCost with new weights:0.0298858
CODE FINISHED RUNNING IN 24 s TIME!
Job Statistics for 2350816:
           JobID       User               Start                 End    Elapsed     MaxRSS   TotalCPU      State Exit        NodeList                                  ReqTRES 
---------------- ---------- ------------------- ------------------- ---------- ---------- ---------- ---------- ---- --------------- ---------------------------------------- 
         2350816   rsjxw007 2021-11-15T14:47:48 2021-11-15T14:48:13   00:00:25             00:26.093  COMPLETED  0:0   r1pl-hpcf-n21     billing=30,cpu=30,mem=234360M,node=1 
   2350816.batch            2021-11-15T14:47:48 2021-11-15T14:48:13   00:00:25          0  00:26.092  COMPLETED  0:0   r1pl-hpcf-n21                                          
  2350816.extern            2021-11-15T14:47:48 2021-11-15T14:48:13   00:00:25          0  00:00.001  COMPLETED  0:0   r1pl-hpcf-n21                                          
CPU Efficiency: 3.47% of 00:12:30 core-walltime
