USING NONMIXED MOMENTS!!
nRuns:1
Using two part PSO Sample Size:5000 with:12 moments.
Using Times:0.5   2  10  20  30
Bounds for Uniform Distribution (0,1)
Blind PSO --> nParts:100 Nsteps:50
Targeted PSO --> nParts:1 Nsteps:1
sdbeta:0.1
Reading in data!
Using starting row of data:0 and 5000 data pts!
first row X0:192.796 1463.27 5.25096 5.80954 435.297 6.25942
final row X0:466.793 2248.32 5.67464 5.17143 516.351 6.12202



HERE IS X:
5 0 0 0
0 0 3 0
0 1 3 0
1 0 0 1
Xinv
     0.2        0        0        0
       0       -1        1        0
       0 0.333333        0        0
    -0.2        0        0        1
Loading in Truk!
Calculating Yt!
truk cost:6.13882e+08
Weights:

w0
     86.7997     0.141244    -0.888999     0.261993   -0.0548678     0.715268     -6.15872    -2.35e-05  0.000191505   0.00538293     7.83e-05  0.000684087
    0.141244  0.000360411 -0.000344651  -0.00154115     -7.4e-05  -0.00122653  -0.00850432    -6.93e-08     8.29e-08      6.8e-06     1.07e-07     1.72e-06
   -0.888999 -0.000344651     0.388027    -0.788476 -0.000535901    -0.854192    0.0525143     4.24e-08    -3.56e-05  0.000165827     1.32e-07  0.000206748
    0.261993  -0.00154115    -0.788476      1.77075     0.017416      1.72995    0.0304137     2.73e-07     3.51e-06 -0.000638524    -2.77e-05    -6.27e-06
  -0.0548678     -7.4e-05 -0.000535901     0.017416   0.00363848 -0.000231918   0.00566777     1.11e-08    -2.27e-06    -6.97e-05    -7.01e-06     1.48e-05
    0.715268  -0.00122653    -0.854192      1.72995 -0.000231918      1.92862   -0.0272078     2.33e-07     9.64e-05 -0.000493512     2.44e-06 -0.000704513
    -6.15872  -0.00850432    0.0525143    0.0304137   0.00566777   -0.0272078     0.528329     1.35e-06    -3.02e-05 -0.000518861    -8.31e-06     6.07e-06
   -2.35e-05    -6.93e-08     4.24e-08     2.73e-07     1.11e-08     2.33e-07     1.35e-06      1.4e-11    -4.31e-12    -1.08e-09    -1.69e-11    -3.11e-10
 0.000191505     8.29e-08    -3.56e-05     3.51e-06    -2.27e-06     9.64e-05    -3.02e-05    -4.31e-12     7.71e-08    -3.94e-07     4.41e-09    -4.87e-07
  0.00538293      6.8e-06  0.000165827 -0.000638524    -6.97e-05 -0.000493512 -0.000518861    -1.08e-09    -3.94e-07      7.2e-06     1.07e-07     2.63e-06
    7.83e-05     1.07e-07     1.32e-07    -2.77e-05    -7.01e-06     2.44e-06    -8.31e-06    -1.69e-11     4.41e-09     1.07e-07     1.51e-08    -2.91e-08
 0.000684087     1.72e-06  0.000206748    -6.27e-06     1.48e-05 -0.000704513     6.07e-06    -3.11e-10    -4.87e-07     2.63e-06    -2.91e-08     3.62e-06
w1
     1.81747   0.00839929      1.91975     -1.04796    0.0364934     -1.23652  -0.00220902    -1.83e-06 -0.000237704  0.000113114 -0.000112696  0.000141656
  0.00839929  0.000110953   0.00647808  -0.00351061  0.000140565  -0.00415314    -1.61e-05    -2.86e-08    -8.65e-07     3.79e-07    -4.31e-07     4.78e-07
     1.91975   0.00647808      3.09305     -1.69299    0.0526982     -1.98902  0.000554789    -1.29e-06 -0.000368559  0.000193724 -0.000163128  0.000224239
    -1.04796  -0.00351061     -1.69299     0.927745   -0.0280349      1.08979 -0.000321612     6.98e-07  0.000198086 -0.000105968      8.7e-05 -0.000122758
   0.0364934  0.000140565    0.0526982   -0.0280349   0.00601183   -0.0340862     4.06e-06    -2.92e-08    -5.24e-06     1.78e-06    -2.12e-05     3.28e-06
    -1.23652  -0.00415314     -1.98902      1.08979   -0.0340862      1.28541  -0.00036668     8.24e-07  0.000231011 -0.000123296  0.000106044 -0.000153886
 -0.00220902    -1.61e-05  0.000554789 -0.000321612     4.06e-06  -0.00036668     1.14e-05     3.79e-09     4.83e-08     3.49e-08    -1.24e-08     2.09e-08
   -1.83e-06    -2.86e-08    -1.29e-06     6.98e-07    -2.92e-08     8.24e-07     3.79e-09     7.81e-12     1.76e-10    -7.61e-11     8.79e-11    -9.44e-11
-0.000237704    -8.65e-07 -0.000368559  0.000198086    -5.24e-06  0.000231011     4.83e-08     1.76e-10     6.82e-08    -2.89e-08     1.61e-08    -2.89e-08
 0.000113114     3.79e-07  0.000193724 -0.000105968     1.78e-06 -0.000123296     3.49e-08    -7.61e-11    -2.89e-08      1.5e-08    -5.74e-09     1.49e-08
-0.000112696    -4.31e-07 -0.000163128      8.7e-05    -2.12e-05  0.000106044    -1.24e-08     8.79e-11     1.61e-08    -5.74e-09     8.95e-08    -1.12e-08
 0.000141656     4.78e-07  0.000224239 -0.000122758     3.28e-06 -0.000153886     2.09e-08    -9.44e-11    -2.89e-08     1.49e-08    -1.12e-08     3.93e-08
w2
   0.0114143  0.000264951    0.0155657  -0.00135256   0.00342051  -0.00298218    -1.43e-05    -9.39e-08    -1.87e-05     1.81e-07    -2.93e-05     7.64e-07
 0.000264951     5.54e-05  0.000212319    -3.25e-07  0.000439947    -3.16e-05    -3.99e-07    -2.36e-08    -3.71e-07    -1.07e-09    -3.12e-06     1.44e-08
   0.0155657  0.000212319    0.0274945  -0.00193459    0.0100571  -0.00461738    -1.78e-05    -6.99e-08    -4.35e-05     2.68e-07 -0.000105543     1.65e-06
 -0.00135256    -3.25e-07  -0.00193459  0.000256116   0.00344358  0.000414033     1.59e-06     1.59e-09     2.03e-06    -4.78e-08    -4.23e-05    -1.05e-07
  0.00342051  0.000439947    0.0100571   0.00344358      1.50346  0.000284412    -2.32e-06    -1.93e-07    -2.12e-05    -1.06e-06   -0.0207171    -8.38e-06
 -0.00298218    -3.16e-05  -0.00461738  0.000414033  0.000284412   0.00279368     3.38e-06      8.5e-09     5.75e-06    -5.76e-08     9.15e-06    -3.58e-06
   -1.43e-05    -3.99e-07    -1.78e-05     1.59e-06    -2.32e-06     3.38e-06        2e-08     1.43e-10      2.1e-08    -2.24e-10     1.27e-08    -7.82e-10
   -9.39e-08    -2.36e-08    -6.99e-08     1.59e-09    -1.93e-07      8.5e-09     1.43e-10     1.16e-11      1.3e-10    -1.16e-13     1.11e-09     -2.9e-12
   -1.87e-05    -3.71e-07    -4.35e-05     2.03e-06    -2.12e-05     5.75e-06      2.1e-08      1.3e-10     9.29e-08    -3.06e-10      2.3e-07     -3.2e-09
    1.81e-07    -1.07e-09     2.68e-07    -4.78e-08    -1.06e-06    -5.76e-08    -2.24e-10    -1.16e-13    -3.06e-10     1.15e-11     1.27e-08     1.58e-11
   -2.93e-05    -3.12e-06 -0.000105543    -4.23e-05   -0.0207171     9.15e-06     1.27e-08     1.11e-09      2.3e-07     1.27e-08  0.000325591     7.68e-08
    7.64e-07     1.44e-08     1.65e-06    -1.05e-07    -8.38e-06    -3.58e-06    -7.82e-10     -2.9e-12     -3.2e-09     1.58e-11     7.68e-08      6.5e-09
w3
  0.00317974  0.000142793   0.00568608 -0.000138956    0.0168298 -0.000996564    -5.77e-06     -5.6e-08    -1.32e-05     2.17e-08 -0.000443844     4.85e-07
 0.000142793  0.000167611 -0.000252244     2.78e-05  0.000244376     3.92e-05    -2.81e-07    -9.52e-08    -1.47e-07     -5.7e-09  0.000115807     2.86e-08
  0.00568608 -0.000252244    0.0281779 -0.000229373    0.0540436  -0.00497289    -9.37e-06     1.39e-07  -0.00010614     3.49e-08  -0.00158658     4.55e-06
-0.000138956     2.78e-05 -0.000229373  0.000123427    0.0224634     4.94e-05     2.47e-07    -1.02e-08    -7.97e-08       -3e-08 -0.000700668    -8.29e-09
   0.0168298  0.000244376    0.0540436    0.0224634      25.3573  -0.00276576    -2.58e-05    -2.45e-06  -0.00010044    -5.18e-06    -0.886792    -6.28e-05
-0.000996564     3.92e-05  -0.00497289     4.94e-05  -0.00276576   0.00275027     1.62e-06    -2.21e-08     1.83e-05    -7.01e-09  0.000107571    -4.04e-06
   -5.77e-06    -2.81e-07    -9.37e-06     2.47e-07    -2.58e-05     1.62e-06     1.14e-08     1.12e-10     2.16e-08     -4.3e-11     6.57e-07    -7.52e-10
    -5.6e-08    -9.52e-08     1.39e-07    -1.02e-08    -2.45e-06    -2.21e-08     1.12e-10     6.27e-11     7.45e-11     1.93e-12    -1.74e-08    -1.18e-11
   -1.32e-05    -1.47e-07  -0.00010614    -7.97e-08  -0.00010044     1.83e-05     2.16e-08     7.45e-11      4.9e-07     2.29e-11     2.01e-06    -2.15e-08
    2.17e-08     -5.7e-09     3.49e-08       -3e-08    -5.18e-06    -7.01e-09     -4.3e-11     1.93e-12     2.29e-11     7.69e-12      1.6e-07     2.63e-13
-0.000443844  0.000115807  -0.00158658 -0.000700668    -0.886792  0.000107571     6.57e-07    -1.74e-08     2.01e-06      1.6e-07     0.035315     2.15e-06
    4.85e-07     2.86e-08     4.55e-06    -8.29e-09    -6.28e-05    -4.04e-06    -7.52e-10    -1.18e-11    -2.15e-08     2.63e-13     2.15e-06     7.27e-09
w4
  0.00215143  0.000130403    0.0050308    -3.81e-05    0.0250193 -0.000885834    -4.22e-06    -5.43e-08    -1.43e-05     5.44e-09 -0.000835138     4.74e-07
 0.000130403  0.000482096  -0.00140302     3.65e-05    0.0125614  0.000266677    -2.55e-07    -3.03e-07    -6.67e-07    -7.12e-09    -1.34e-05    -1.54e-08
   0.0050308  -0.00140302     0.110978 -0.000140727    0.0953145   -0.0214345     -8.9e-06     7.91e-07 -0.000582493     2.34e-08  -0.00400613     2.35e-05
   -3.81e-05     3.65e-05 -0.000140727  0.000124701    0.0414479     1.63e-05     7.52e-08    -2.15e-08    -1.99e-07    -2.94e-08  -0.00154343    -9.87e-09
   0.0250193    0.0125614    0.0953145    0.0414479      71.4938   -0.0320345    -4.41e-05    -2.84e-05    -7.67e-06    -8.59e-06     -2.86035    -9.93e-05
-0.000885834  0.000266677   -0.0214345     1.63e-05   -0.0320345   0.00600921     1.55e-06    -1.35e-07  0.000111722     -1.8e-09   0.00126789    -7.72e-06
   -4.22e-06    -2.55e-07     -8.9e-06     7.52e-08    -4.41e-05     1.55e-06     9.03e-09     1.06e-10      2.5e-08     -1.3e-11     1.47e-06    -7.97e-10
   -5.43e-08    -3.03e-07     7.91e-07    -2.15e-08    -2.84e-05    -1.35e-07     1.06e-10     2.25e-10     1.97e-10     3.92e-12      6.4e-07     1.68e-11
   -1.43e-05    -6.67e-07 -0.000582493    -1.99e-07    -7.67e-06  0.000111722      2.5e-08     1.97e-10     3.52e-06     2.81e-11    -1.32e-06    -1.41e-07
    5.44e-09    -7.12e-09     2.34e-08    -2.94e-08    -8.59e-06     -1.8e-09     -1.3e-11     3.92e-12     2.81e-11     7.23e-12     3.16e-07     9.75e-13
-0.000835138    -1.34e-05  -0.00400613  -0.00154343     -2.86035   0.00126789     1.47e-06      6.4e-07    -1.32e-06     3.16e-07     0.129144     4.19e-06
    4.74e-07    -1.54e-08     2.35e-05    -9.87e-09    -9.93e-05    -7.72e-06    -7.97e-10     1.68e-11    -1.41e-07     9.75e-13     4.19e-06     1.19e-08
XtmVec:   0.104108        1827     209.305     1.04479     171.654     39.6875   0.0141762 3.59296e+06       50416     2.11436     36294.6     1737.14
XtmVec:   0.107513     1789.18     209.302     3.14039      135.93     75.4116   0.0156351 3.45813e+06     50413.9     115.749     25608.5     6438.76
XtmVec:   0.169404     1766.43      209.24     15.0503     125.026     86.3159     15.6597 3.38715e+06     50353.7     5741.34     22920.4     8457.41
XtmVec:   0.664587      1754.3     208.745     27.6169     124.967     86.3744     105.791 3.36194e+06     49974.7     21712.9     22918.7     8472.05
XtmVec:  1.34786   1745.21   208.061   37.3728   124.953   86.3889   223.565 3.346e+06   49488.9   39232.5   22918.6   8475.81
seedk:0.612501      0.1 0.408214  0.71354 0.282581 0.973606| cost:31328
PSO begins!
current:0.612501      0.1 0.408214  0.71354 0.282581 0.973606 31328
overflow!
current:0.816856      0.1 0.900965 0.642517 0.650326 0.164475 0.250689
current:0.636738      0.1 0.900965 0.642517 0.660525 0.164475 0.244907
current:0.339854      0.1 0.966105 0.496724 0.854257  0.19692 0.145849
current:0.0796689       0.1  0.936281  0.320172  0.306258  0.172848 0.0939983
overflow!
current:0.0796689       0.1  0.936281  0.320172  0.306258  0.172848 0.0939983
underflow!0.000792417
pos0.000792417         0.1    0.651742    0.722987    0.689681    0.435123
current:0.0796689       0.1  0.936281  0.320172  0.306258  0.172848 0.0939983
current:0.0796689       0.1  0.936281  0.320172  0.306258  0.172848 0.0939983
current:0.652344      0.1   0.9282 0.524326 0.659864 0.169246 0.0826338
underflow!0.000680842
pos0.000680842         0.1    0.938136    0.538085    0.304555    0.179371
current:0.652344      0.1   0.9282 0.524326 0.659864 0.169246 0.0826338
current:0.398544      0.1 0.913553 0.396358 0.488361 0.160806 0.0758727
current:0.167837      0.1 0.927291 0.465944 0.736524 0.172295 0.0741057
overflow!
current:0.427936      0.1 0.928254 0.475394 0.585251 0.172295 0.0599092
current:0.427936      0.1 0.928254 0.475394 0.586272 0.172295 0.0596685
current:0.427936      0.1 0.928254 0.475394 0.586272 0.172295 0.0596685
current:0.427936      0.1 0.928254 0.475394 0.586272 0.172295 0.0596685
underflow!0.0020122
pos  0.29563       0.1  0.905012  0.452334 0.0020122  0.157329
current:0.0950364       0.1  0.933855  0.489859  0.658101  0.170972 0.0447072
current:0.0950364       0.1  0.933855  0.489859  0.658101  0.170972 0.0447072
current:0.209968      0.1 0.932794 0.492632 0.681149 0.175482 0.0445669
current:0.209968      0.1 0.932794 0.492632 0.681149 0.175482 0.0445669
current:0.209968      0.1 0.932794 0.492632 0.681149 0.175482 0.0445669
current:0.183072      0.1 0.931376 0.485544 0.594656 0.172172 0.039697
current:0.168183      0.1 0.927112  0.47207 0.603738 0.168198 0.0346721
overflow!
current:0.168183      0.1 0.927112  0.47207 0.603738 0.168198 0.0346721
underflow!0.000354524
pos 0.00401563         0.1    0.930843    0.398108 0.000354524    0.205031
current:0.168183      0.1 0.927112  0.47207 0.603738 0.168198 0.0346721
current:0.168183      0.1 0.927112  0.47207 0.603738 0.168198 0.0346721
current:0.168183      0.1 0.927112  0.47207 0.603738 0.168198 0.0346721
current:0.168183      0.1 0.927112  0.47207 0.603738 0.168198 0.0346721
overflow!
overflow!
current:0.168183      0.1 0.927112  0.47207 0.603738 0.168198 0.0346721
current:0.190946      0.1 0.930735  0.48308 0.644071 0.170902 0.0344564
overflow!
underflow!0.00383229
pos  0.544634        0.1   0.933514   0.486602 0.00383229   0.164632
current:0.154815      0.1 0.931247 0.497832 0.632658 0.171267 0.0340109
overflow!
overflow!
current: 0.15596      0.1 0.931061 0.491448 0.664089 0.168926 0.0308053
underflow!0.00282505
pos  0.443023        0.1   0.943109   0.492489 0.00282505   0.174358
current:0.158269      0.1 0.932376 0.490188  0.63024 0.170603 0.0297451
underflow!0.00107904
pos  0.221632        0.1   0.930799   0.464987 0.00107904   0.169663
current:0.158269      0.1 0.932376 0.490188  0.63024 0.170603 0.0297451
underflow!0.00306259
pos  0.118743        0.1   0.929114   0.474151 0.00306259   0.170979
current:0.158269      0.1 0.932376 0.490188  0.63024 0.170603 0.0297451
current:0.158269      0.1 0.932376 0.490188  0.63024 0.170603 0.0297451
underflow!0.000276874
pos0.000276874         0.1    0.923258    0.474058    0.326913    0.215089
overflow!
current:0.128904      0.1 0.932208 0.476206 0.657602 0.169835 0.0281411
current:0.128904      0.1 0.932208 0.476206 0.657602 0.169835 0.0281411
current:0.109258      0.1 0.936144 0.467182 0.617286 0.169816 0.022631
current:0.109258      0.1 0.936144 0.467182 0.617286 0.169816 0.022631
overflow!
current:0.109258      0.1 0.936144 0.467182 0.617286 0.169816 0.022631
current:0.109258      0.1 0.936144 0.467182 0.617286 0.169816 0.022631
current:0.109258      0.1 0.936144 0.467182 0.617286 0.169816 0.022631
current:0.109258      0.1 0.936144 0.467182 0.617286 0.169816 0.022631
underflow!0.000951384
pos0.000951384         0.1    0.935329    0.473225    0.486666    0.168972
current:0.109258      0.1 0.936144 0.467182 0.617286 0.169816 0.022631
current:0.109258      0.1 0.936144 0.467182 0.617286 0.169816 0.022631
current:0.109258      0.1 0.936144 0.467182 0.617286 0.169816 0.022631
overflow!
underflow!0.00151873
pos  0.343059        0.1   0.934598   0.482785 0.00151873   0.170495
current:0.109258      0.1 0.936144 0.467182 0.617286 0.169816 0.022631
current:0.109049      0.1 0.935979 0.466242 0.607554 0.169775 0.0221836
current:0.109049      0.1 0.935979 0.466242 0.607554 0.169775 0.0221836
GBMAT from blind PSO:

 0.612501       0.1  0.408214   0.71354  0.282581  0.973606     31328
 0.612501       0.1  0.408214   0.71354  0.282581  0.973606     31328
 0.816856       0.1  0.900965  0.642517  0.650326  0.164475  0.250689
 0.636738       0.1  0.900965  0.642517  0.660525  0.164475  0.244907
 0.339854       0.1  0.966105  0.496724  0.854257   0.19692  0.145849
0.0796689       0.1  0.936281  0.320172  0.306258  0.172848 0.0939983
0.0796689       0.1  0.936281  0.320172  0.306258  0.172848 0.0939983
0.0796689       0.1  0.936281  0.320172  0.306258  0.172848 0.0939983
0.0796689       0.1  0.936281  0.320172  0.306258  0.172848 0.0939983
 0.652344       0.1    0.9282  0.524326  0.659864  0.169246 0.0826338
 0.652344       0.1    0.9282  0.524326  0.659864  0.169246 0.0826338
 0.398544       0.1  0.913553  0.396358  0.488361  0.160806 0.0758727
 0.167837       0.1  0.927291  0.465944  0.736524  0.172295 0.0741057
 0.427936       0.1  0.928254  0.475394  0.585251  0.172295 0.0599092
 0.427936       0.1  0.928254  0.475394  0.586272  0.172295 0.0596685
 0.427936       0.1  0.928254  0.475394  0.586272  0.172295 0.0596685
 0.427936       0.1  0.928254  0.475394  0.586272  0.172295 0.0596685
0.0950364       0.1  0.933855  0.489859  0.658101  0.170972 0.0447072
0.0950364       0.1  0.933855  0.489859  0.658101  0.170972 0.0447072
 0.209968       0.1  0.932794  0.492632  0.681149  0.175482 0.0445669
 0.209968       0.1  0.932794  0.492632  0.681149  0.175482 0.0445669
 0.209968       0.1  0.932794  0.492632  0.681149  0.175482 0.0445669
 0.183072       0.1  0.931376  0.485544  0.594656  0.172172  0.039697
 0.168183       0.1  0.927112   0.47207  0.603738  0.168198 0.0346721
 0.168183       0.1  0.927112   0.47207  0.603738  0.168198 0.0346721
 0.168183       0.1  0.927112   0.47207  0.603738  0.168198 0.0346721
 0.168183       0.1  0.927112   0.47207  0.603738  0.168198 0.0346721
 0.168183       0.1  0.927112   0.47207  0.603738  0.168198 0.0346721
 0.168183       0.1  0.927112   0.47207  0.603738  0.168198 0.0346721
 0.168183       0.1  0.927112   0.47207  0.603738  0.168198 0.0346721
 0.190946       0.1  0.930735   0.48308  0.644071  0.170902 0.0344564
 0.154815       0.1  0.931247  0.497832  0.632658  0.171267 0.0340109
  0.15596       0.1  0.931061  0.491448  0.664089  0.168926 0.0308053
 0.158269       0.1  0.932376  0.490188   0.63024  0.170603 0.0297451
 0.158269       0.1  0.932376  0.490188   0.63024  0.170603 0.0297451
 0.158269       0.1  0.932376  0.490188   0.63024  0.170603 0.0297451
 0.158269       0.1  0.932376  0.490188   0.63024  0.170603 0.0297451
 0.128904       0.1  0.932208  0.476206  0.657602  0.169835 0.0281411
 0.128904       0.1  0.932208  0.476206  0.657602  0.169835 0.0281411
 0.109258       0.1  0.936144  0.467182  0.617286  0.169816  0.022631
 0.109258       0.1  0.936144  0.467182  0.617286  0.169816  0.022631
 0.109258       0.1  0.936144  0.467182  0.617286  0.169816  0.022631
 0.109258       0.1  0.936144  0.467182  0.617286  0.169816  0.022631
 0.109258       0.1  0.936144  0.467182  0.617286  0.169816  0.022631
 0.109258       0.1  0.936144  0.467182  0.617286  0.169816  0.022631
 0.109258       0.1  0.936144  0.467182  0.617286  0.169816  0.022631
 0.109258       0.1  0.936144  0.467182  0.617286  0.169816  0.022631
 0.109258       0.1  0.936144  0.467182  0.617286  0.169816  0.022631
 0.109258       0.1  0.936144  0.467182  0.617286  0.169816  0.022631
 0.109049       0.1  0.935979  0.466242  0.607554  0.169775 0.0221836
 0.109049       0.1  0.935979  0.466242  0.607554  0.169775 0.0221836

truk:  0.1  0.1 0.95 0.17 0.05 0.18
total difference b/w truk and final GBVEC0.399009

blind PSO FINISHED RUNNING IN 11557 s TIME!
truk:  0.1  0.1 0.95 0.17 0.05 0.18 with trukCost with new weights:0.600987
CODE FINISHED RUNNING IN 11557 s TIME!
Job Statistics for 2454402:
           JobID       User               Start                 End    Elapsed     MaxRSS   TotalCPU      State Exit        NodeList                                  ReqTRES 
---------------- ---------- ------------------- ------------------- ---------- ---------- ---------- ---------- ---- --------------- ---------------------------------------- 
         2454402   rsjxw007 2022-01-26T18:38:39 2022-01-26T21:51:18   03:12:39            1-12:44:35  COMPLETED  0:0   r1pl-hpcf-n21     billing=14,cpu=14,mem=109368M,node=1 
   2454402.batch            2022-01-26T18:38:39 2022-01-26T21:51:18   03:12:39     11.39M 1-12:44:35  COMPLETED  0:0   r1pl-hpcf-n21                                          
  2454402.extern            2022-01-26T18:38:39 2022-01-26T21:51:18   03:12:39          0  00:00.001  COMPLETED  0:0   r1pl-hpcf-n21                                          
CPU Efficiency: 81.74% of 1-20:57:06 core-walltime
