USING NONMIXED MOMENTS!!
nRuns:1
Using two part PSO Sample Size:5000 with:12 moments.
Using Times:0.5   2  10  20  30
Bounds for Uniform Distribution (0,1)
Blind PSO --> nParts:30 Nsteps:1500
Targeted PSO --> nParts:1 Nsteps:1
sdbeta:0.1
Reading in data!
Using starting row of data:0 and 5000 data pts!
first row X0:192.796 1463.27 5.25096 5.80954 435.297 6.25942
final row X0:466.793 2248.32 5.67464 5.17143 516.351 6.12202



HERE IS X:
5 0 0 0
0 0 3 0
0 1 3 0
1 0 0 1
Xinv
     0.2        0        0        0
       0       -1        1        0
       0 0.333333        0        0
    -0.2        0        0        1
Loading in Truk!
Calculating Yt!
truk cost:6.13882e+08
Weights:

w0
     86.7997     0.141244    -0.888999     0.261993   -0.0548678     0.715268     -6.15872    -2.35e-05  0.000191505   0.00538293     7.83e-05  0.000684087
    0.141244  0.000360411 -0.000344651  -0.00154115     -7.4e-05  -0.00122653  -0.00850432    -6.93e-08     8.29e-08      6.8e-06     1.07e-07     1.72e-06
   -0.888999 -0.000344651     0.388027    -0.788476 -0.000535901    -0.854192    0.0525143     4.24e-08    -3.56e-05  0.000165827     1.32e-07  0.000206748
    0.261993  -0.00154115    -0.788476      1.77075     0.017416      1.72995    0.0304137     2.73e-07     3.51e-06 -0.000638524    -2.77e-05    -6.27e-06
  -0.0548678     -7.4e-05 -0.000535901     0.017416   0.00363848 -0.000231918   0.00566777     1.11e-08    -2.27e-06    -6.97e-05    -7.01e-06     1.48e-05
    0.715268  -0.00122653    -0.854192      1.72995 -0.000231918      1.92862   -0.0272078     2.33e-07     9.64e-05 -0.000493512     2.44e-06 -0.000704513
    -6.15872  -0.00850432    0.0525143    0.0304137   0.00566777   -0.0272078     0.528329     1.35e-06    -3.02e-05 -0.000518861    -8.31e-06     6.07e-06
   -2.35e-05    -6.93e-08     4.24e-08     2.73e-07     1.11e-08     2.33e-07     1.35e-06      1.4e-11    -4.31e-12    -1.08e-09    -1.69e-11    -3.11e-10
 0.000191505     8.29e-08    -3.56e-05     3.51e-06    -2.27e-06     9.64e-05    -3.02e-05    -4.31e-12     7.71e-08    -3.94e-07     4.41e-09    -4.87e-07
  0.00538293      6.8e-06  0.000165827 -0.000638524    -6.97e-05 -0.000493512 -0.000518861    -1.08e-09    -3.94e-07      7.2e-06     1.07e-07     2.63e-06
    7.83e-05     1.07e-07     1.32e-07    -2.77e-05    -7.01e-06     2.44e-06    -8.31e-06    -1.69e-11     4.41e-09     1.07e-07     1.51e-08    -2.91e-08
 0.000684087     1.72e-06  0.000206748    -6.27e-06     1.48e-05 -0.000704513     6.07e-06    -3.11e-10    -4.87e-07     2.63e-06    -2.91e-08     3.62e-06
w1
     1.81747   0.00839929      1.91975     -1.04796    0.0364934     -1.23652  -0.00220902    -1.83e-06 -0.000237704  0.000113114 -0.000112696  0.000141656
  0.00839929  0.000110953   0.00647808  -0.00351061  0.000140565  -0.00415314    -1.61e-05    -2.86e-08    -8.65e-07     3.79e-07    -4.31e-07     4.78e-07
     1.91975   0.00647808      3.09305     -1.69299    0.0526982     -1.98902  0.000554789    -1.29e-06 -0.000368559  0.000193724 -0.000163128  0.000224239
    -1.04796  -0.00351061     -1.69299     0.927745   -0.0280349      1.08979 -0.000321612     6.98e-07  0.000198086 -0.000105968      8.7e-05 -0.000122758
   0.0364934  0.000140565    0.0526982   -0.0280349   0.00601183   -0.0340862     4.06e-06    -2.92e-08    -5.24e-06     1.78e-06    -2.12e-05     3.28e-06
    -1.23652  -0.00415314     -1.98902      1.08979   -0.0340862      1.28541  -0.00036668     8.24e-07  0.000231011 -0.000123296  0.000106044 -0.000153886
 -0.00220902    -1.61e-05  0.000554789 -0.000321612     4.06e-06  -0.00036668     1.14e-05     3.79e-09     4.83e-08     3.49e-08    -1.24e-08     2.09e-08
   -1.83e-06    -2.86e-08    -1.29e-06     6.98e-07    -2.92e-08     8.24e-07     3.79e-09     7.81e-12     1.76e-10    -7.61e-11     8.79e-11    -9.44e-11
-0.000237704    -8.65e-07 -0.000368559  0.000198086    -5.24e-06  0.000231011     4.83e-08     1.76e-10     6.82e-08    -2.89e-08     1.61e-08    -2.89e-08
 0.000113114     3.79e-07  0.000193724 -0.000105968     1.78e-06 -0.000123296     3.49e-08    -7.61e-11    -2.89e-08      1.5e-08    -5.74e-09     1.49e-08
-0.000112696    -4.31e-07 -0.000163128      8.7e-05    -2.12e-05  0.000106044    -1.24e-08     8.79e-11     1.61e-08    -5.74e-09     8.95e-08    -1.12e-08
 0.000141656     4.78e-07  0.000224239 -0.000122758     3.28e-06 -0.000153886     2.09e-08    -9.44e-11    -2.89e-08     1.49e-08    -1.12e-08     3.93e-08
w2
   0.0114143  0.000264951    0.0155657  -0.00135256   0.00342051  -0.00298218    -1.43e-05    -9.39e-08    -1.87e-05     1.81e-07    -2.93e-05     7.64e-07
 0.000264951     5.54e-05  0.000212319    -3.25e-07  0.000439947    -3.16e-05    -3.99e-07    -2.36e-08    -3.71e-07    -1.07e-09    -3.12e-06     1.44e-08
   0.0155657  0.000212319    0.0274945  -0.00193459    0.0100571  -0.00461738    -1.78e-05    -6.99e-08    -4.35e-05     2.68e-07 -0.000105543     1.65e-06
 -0.00135256    -3.25e-07  -0.00193459  0.000256116   0.00344358  0.000414033     1.59e-06     1.59e-09     2.03e-06    -4.78e-08    -4.23e-05    -1.05e-07
  0.00342051  0.000439947    0.0100571   0.00344358      1.50346  0.000284412    -2.32e-06    -1.93e-07    -2.12e-05    -1.06e-06   -0.0207171    -8.38e-06
 -0.00298218    -3.16e-05  -0.00461738  0.000414033  0.000284412   0.00279368     3.38e-06      8.5e-09     5.75e-06    -5.76e-08     9.15e-06    -3.58e-06
   -1.43e-05    -3.99e-07    -1.78e-05     1.59e-06    -2.32e-06     3.38e-06        2e-08     1.43e-10      2.1e-08    -2.24e-10     1.27e-08    -7.82e-10
   -9.39e-08    -2.36e-08    -6.99e-08     1.59e-09    -1.93e-07      8.5e-09     1.43e-10     1.16e-11      1.3e-10    -1.16e-13     1.11e-09     -2.9e-12
   -1.87e-05    -3.71e-07    -4.35e-05     2.03e-06    -2.12e-05     5.75e-06      2.1e-08      1.3e-10     9.29e-08    -3.06e-10      2.3e-07     -3.2e-09
    1.81e-07    -1.07e-09     2.68e-07    -4.78e-08    -1.06e-06    -5.76e-08    -2.24e-10    -1.16e-13    -3.06e-10     1.15e-11     1.27e-08     1.58e-11
   -2.93e-05    -3.12e-06 -0.000105543    -4.23e-05   -0.0207171     9.15e-06     1.27e-08     1.11e-09      2.3e-07     1.27e-08  0.000325591     7.68e-08
    7.64e-07     1.44e-08     1.65e-06    -1.05e-07    -8.38e-06    -3.58e-06    -7.82e-10     -2.9e-12     -3.2e-09     1.58e-11     7.68e-08      6.5e-09
w3
  0.00317974  0.000142793   0.00568608 -0.000138956    0.0168298 -0.000996564    -5.77e-06     -5.6e-08    -1.32e-05     2.17e-08 -0.000443844     4.85e-07
 0.000142793  0.000167611 -0.000252244     2.78e-05  0.000244376     3.92e-05    -2.81e-07    -9.52e-08    -1.47e-07     -5.7e-09  0.000115807     2.86e-08
  0.00568608 -0.000252244    0.0281779 -0.000229373    0.0540436  -0.00497289    -9.37e-06     1.39e-07  -0.00010614     3.49e-08  -0.00158658     4.55e-06
-0.000138956     2.78e-05 -0.000229373  0.000123427    0.0224634     4.94e-05     2.47e-07    -1.02e-08    -7.97e-08       -3e-08 -0.000700668    -8.29e-09
   0.0168298  0.000244376    0.0540436    0.0224634      25.3573  -0.00276576    -2.58e-05    -2.45e-06  -0.00010044    -5.18e-06    -0.886792    -6.28e-05
-0.000996564     3.92e-05  -0.00497289     4.94e-05  -0.00276576   0.00275027     1.62e-06    -2.21e-08     1.83e-05    -7.01e-09  0.000107571    -4.04e-06
   -5.77e-06    -2.81e-07    -9.37e-06     2.47e-07    -2.58e-05     1.62e-06     1.14e-08     1.12e-10     2.16e-08     -4.3e-11     6.57e-07    -7.52e-10
    -5.6e-08    -9.52e-08     1.39e-07    -1.02e-08    -2.45e-06    -2.21e-08     1.12e-10     6.27e-11     7.45e-11     1.93e-12    -1.74e-08    -1.18e-11
   -1.32e-05    -1.47e-07  -0.00010614    -7.97e-08  -0.00010044     1.83e-05     2.16e-08     7.45e-11      4.9e-07     2.29e-11     2.01e-06    -2.15e-08
    2.17e-08     -5.7e-09     3.49e-08       -3e-08    -5.18e-06    -7.01e-09     -4.3e-11     1.93e-12     2.29e-11     7.69e-12      1.6e-07     2.63e-13
-0.000443844  0.000115807  -0.00158658 -0.000700668    -0.886792  0.000107571     6.57e-07    -1.74e-08     2.01e-06      1.6e-07     0.035315     2.15e-06
    4.85e-07     2.86e-08     4.55e-06    -8.29e-09    -6.28e-05    -4.04e-06    -7.52e-10    -1.18e-11    -2.15e-08     2.63e-13     2.15e-06     7.27e-09
w4
  0.00215143  0.000130403    0.0050308    -3.81e-05    0.0250193 -0.000885834    -4.22e-06    -5.43e-08    -1.43e-05     5.44e-09 -0.000835138     4.74e-07
 0.000130403  0.000482096  -0.00140302     3.65e-05    0.0125614  0.000266677    -2.55e-07    -3.03e-07    -6.67e-07    -7.12e-09    -1.34e-05    -1.54e-08
   0.0050308  -0.00140302     0.110978 -0.000140727    0.0953145   -0.0214345     -8.9e-06     7.91e-07 -0.000582493     2.34e-08  -0.00400613     2.35e-05
   -3.81e-05     3.65e-05 -0.000140727  0.000124701    0.0414479     1.63e-05     7.52e-08    -2.15e-08    -1.99e-07    -2.94e-08  -0.00154343    -9.87e-09
   0.0250193    0.0125614    0.0953145    0.0414479      71.4938   -0.0320345    -4.41e-05    -2.84e-05    -7.67e-06    -8.59e-06     -2.86035    -9.93e-05
-0.000885834  0.000266677   -0.0214345     1.63e-05   -0.0320345   0.00600921     1.55e-06    -1.35e-07  0.000111722     -1.8e-09   0.00126789    -7.72e-06
   -4.22e-06    -2.55e-07     -8.9e-06     7.52e-08    -4.41e-05     1.55e-06     9.03e-09     1.06e-10      2.5e-08     -1.3e-11     1.47e-06    -7.97e-10
   -5.43e-08    -3.03e-07     7.91e-07    -2.15e-08    -2.84e-05    -1.35e-07     1.06e-10     2.25e-10     1.97e-10     3.92e-12      6.4e-07     1.68e-11
   -1.43e-05    -6.67e-07 -0.000582493    -1.99e-07    -7.67e-06  0.000111722      2.5e-08     1.97e-10     3.52e-06     2.81e-11    -1.32e-06    -1.41e-07
    5.44e-09    -7.12e-09     2.34e-08    -2.94e-08    -8.59e-06     -1.8e-09     -1.3e-11     3.92e-12     2.81e-11     7.23e-12     3.16e-07     9.75e-13
-0.000835138    -1.34e-05  -0.00400613  -0.00154343     -2.86035   0.00126789     1.47e-06      6.4e-07    -1.32e-06     3.16e-07     0.129144     4.19e-06
    4.74e-07    -1.54e-08     2.35e-05    -9.87e-09    -9.93e-05    -7.72e-06    -7.97e-10     1.68e-11    -1.41e-07     9.75e-13     4.19e-06     1.19e-08
XtmVec:  0.0369037     1841.93     209.372    0.455412     186.067     25.2746  0.00176467 3.64725e+06     50448.9    0.306869     41405.4     672.756
XtmVec:  0.0381509     1800.03     209.371     1.06023     144.768     66.5738  0.00193349 3.49599e+06     50448.2      9.7998     27955.5     4904.89
XtmVec:  0.0679619     1627.98     209.341     66.6033     38.2277     173.114      2.5643 2.92127e+06     50417.6       13586     5436.31     32945.8
XtmVec:   0.672423     1453.51     208.737     218.376     14.9322      196.41      142.04 2.42546e+06       49904     97610.6     1959.34       42960
XtmVec:    4.32515     1293.65     205.084     376.452     9.48756     201.854     1112.24 2.04091e+06     47544.5      256922     1234.14       45704
seedk: 0.839151       0.1  0.149707  0.477127 0.0733081 0.0734661| cost:335041
PSO begins!
current: 0.839151       0.1  0.149707  0.477127 0.0733081 0.0734661 335041
current:0.686566      0.1 0.338994 0.941871 0.164753 0.180277 210150
overflow!
current:0.363432      0.1 0.924709 0.889513 0.235338 0.161437 93.3332
current:0.363432      0.1 0.924709 0.889513 0.235338 0.161437 93.3332
overflow!
current:  0.3494      0.1 0.924709 0.889513 0.419247 0.161437 90.2692
overflow!
current:  0.3494      0.1 0.924709 0.889513 0.419247 0.161437 90.2692
current:0.295032      0.1 0.961229 0.871869  0.43051 0.183982 64.2583
current: 0.185386       0.1  0.915917   0.76286 0.0260006  0.144891 61.3668
current:0.0838568       0.1  0.956809  0.861235  0.843682   0.17444 14.7573
current:0.0838568       0.1  0.956809  0.861235  0.843682   0.17444 14.7573
current:0.0838568       0.1  0.956809  0.861235  0.843682   0.17444 14.7573
current:0.0838568       0.1  0.956809  0.861235  0.843682   0.17444 14.7573
current:0.0838568       0.1  0.956809  0.861235  0.843682   0.17444 14.7573
current:0.0838568       0.1  0.956809  0.861235  0.843682   0.17444 14.7573
overflow!
current:0.0838568       0.1  0.956809  0.861235  0.843682   0.17444 14.7573
current:0.0838568       0.1  0.956809  0.861235  0.843682   0.17444 14.7573
overflow!
current:0.0838568       0.1  0.956809  0.861235  0.843682   0.17444 14.7573
current:0.0838568       0.1  0.956809  0.861235  0.843682   0.17444 14.7573
current:0.0838568       0.1  0.956809  0.861235  0.843682   0.17444 14.7573
current:0.0819237       0.1  0.944023   0.86678  0.948576  0.158405 12.8543
current:0.0819237       0.1  0.944023   0.86678  0.948576  0.158405 12.8543
current:0.0819237       0.1  0.944023   0.86678  0.948576  0.158405 12.8543
underflow!0.00340798
pos0.00340798        0.1   0.929984   0.848621   0.201916   0.194204
current:0.0819237       0.1  0.944023   0.86678  0.948576  0.158405 12.8543
overflow!
current:0.0903301       0.1  0.947048  0.836157  0.398807  0.173981 11.1964
current:0.109615      0.1 0.949654 0.673125 0.129964 0.170333 9.24933
current:0.109615      0.1 0.949654 0.673125 0.129964 0.170333 9.24933
overflow!
current:0.109615      0.1 0.949654 0.673125 0.129964 0.170333 9.24933
current:0.109615      0.1 0.949654 0.673125 0.129964 0.170333 9.24933
current:0.109615      0.1 0.949654 0.673125 0.129964 0.170333 9.24933
underflow!0.00324145
pos0.00324145        0.1    0.91461   0.789528   0.490479  0.0890268
current:0.109615      0.1 0.949654 0.673125 0.129964 0.170333 9.24933
current:0.109615      0.1 0.949654 0.673125 0.129964 0.170333 9.24933
current:0.109615      0.1 0.949654 0.673125 0.129964 0.170333 9.24933
current:0.109615      0.1 0.949654 0.673125 0.129964 0.170333 9.24933
current:0.111862      0.1 0.945824 0.688164  0.16345 0.166955 8.63953
current:0.111862      0.1 0.945824 0.688164  0.16345 0.166955 8.63953
current:0.111862      0.1 0.945824 0.688164  0.16345 0.166955 8.63953
current:0.111862      0.1 0.945824 0.688164  0.16345 0.166955 8.63953
overflow!
current:0.111862      0.1 0.945824 0.688164  0.16345 0.166955 8.63953
current:0.111862      0.1 0.945824 0.688164  0.16345 0.166955 8.63953
current:0.111862      0.1 0.945824 0.688164  0.16345 0.166955 8.63953
current:0.111862      0.1 0.945824 0.688164  0.16345 0.166955 8.63953
current:0.111862      0.1 0.945824 0.688164  0.16345 0.166955 8.63953
current:0.111862      0.1 0.945824 0.688164  0.16345 0.166955 8.63953
current:0.114135      0.1 0.959441  0.69733 0.778069 0.189909 6.17237
current:0.114135      0.1 0.959441  0.69733 0.778069 0.189909 6.17237
current:0.114135      0.1 0.959441  0.69733 0.778069 0.189909 6.17237
current:0.114135      0.1 0.959441  0.69733 0.778069 0.189909 6.17237
current:0.114135      0.1 0.959441  0.69733 0.778069 0.189909 6.17237
current:0.114135      0.1 0.959441  0.69733 0.778069 0.189909 6.17237
current:0.114135      0.1 0.959441  0.69733 0.778069 0.189909 6.17237
current:0.114135      0.1 0.959441  0.69733 0.778069 0.189909 6.17237
overflow!
current:0.114135      0.1 0.959441  0.69733 0.778069 0.189909 6.17237
overflow!
current:0.114135      0.1 0.959441  0.69733 0.778069 0.189909 6.17237
current:0.114135      0.1 0.959441  0.69733 0.778069 0.189909 6.17237
current:0.114135      0.1 0.959441  0.69733 0.778069 0.189909 6.17237
current:0.114135      0.1 0.959441  0.69733 0.778069 0.189909 6.17237
current:0.114135      0.1 0.959441  0.69733 0.778069 0.189909 6.17237
current:0.108374      0.1 0.959657 0.697497 0.703045 0.190099 6.07113
current:0.108374      0.1 0.959657 0.697497 0.703045 0.190099 6.07113
current:0.108374      0.1 0.959657 0.697497 0.703045 0.190099 6.07113
underflow!0.0013262
pos0.0013262       0.1  0.971054  0.733914  0.810062  0.171312
current:0.108374      0.1 0.959657 0.697497 0.703045 0.190099 6.07113
underflow!0.00332226
pos  0.554405        0.1   0.970195   0.601177 0.00332226   0.204318
current:0.108374      0.1 0.959657 0.697497 0.703045 0.190099 6.07113
current:0.108374      0.1 0.959657 0.697497 0.703045 0.190099 6.07113
current:0.108374      0.1 0.959657 0.697497 0.703045 0.190099 6.07113
overflow!
current:0.108374      0.1 0.959657 0.697497 0.703045 0.190099 6.07113
current:0.0960813       0.1  0.960655  0.649613  0.995077  0.190247 4.73211
overflow!
current:0.0960813       0.1  0.960655  0.649613  0.995077  0.190247 4.73211
current:0.0960813       0.1  0.960655  0.649613  0.995077  0.190247 4.73211
current:0.0960813       0.1  0.960655  0.649613  0.995077  0.190247 4.73211
current:0.0960813       0.1  0.960655  0.649613  0.995077  0.190247 4.73211
underflow!0.00461366
pos  0.183149        0.1   0.974318   0.676618 0.00461366   0.162583
current:0.0960813       0.1  0.960655  0.649613  0.995077  0.190247 4.73211
current:0.0960813       0.1  0.960655  0.649613  0.995077  0.190247 4.73211
current:0.0960813       0.1  0.960655  0.649613  0.995077  0.190247 4.73211
current:0.0960813       0.1  0.960655  0.649613  0.995077  0.190247 4.73211
underflow!0.00211904
pos0.00211904        0.1   0.943364   0.664185   0.649582   0.183106
current:0.0960813       0.1  0.960655  0.649613  0.995077  0.190247 4.73211
current:0.0960813       0.1  0.960655  0.649613  0.995077  0.190247 4.73211
current:0.0960813       0.1  0.960655  0.649613  0.995077  0.190247 4.73211
current:0.0960813       0.1  0.960655  0.649613  0.995077  0.190247 4.73211
current:0.0960813       0.1  0.960655  0.649613  0.995077  0.190247 4.73211
underflow!0.000741625
pos0.000741625         0.1    0.957311    0.623814     0.84787    0.185833
current:0.0960813       0.1  0.960655  0.649613  0.995077  0.190247 4.73211
current:0.0960813       0.1  0.960655  0.649613  0.995077  0.190247 4.73211
underflow!0.0033898
pos0.0033898       0.1  0.960991  0.689174    0.6018  0.193451
current:0.0960813       0.1  0.960655  0.649613  0.995077  0.190247 4.73211
current:0.0960813       0.1  0.960655  0.649613  0.995077  0.190247 4.73211
current:0.0960813       0.1  0.960655  0.649613  0.995077  0.190247 4.73211
current:0.0960813       0.1  0.960655  0.649613  0.995077  0.190247 4.73211
overflow!
current:0.0960813       0.1  0.960655  0.649613  0.995077  0.190247 4.73211
current:0.0960813       0.1  0.960655  0.649613  0.995077  0.190247 4.73211
current:0.0960813       0.1  0.960655  0.649613  0.995077  0.190247 4.73211
current:0.0960813       0.1  0.960655  0.649613  0.995077  0.190247 4.73211
current:0.0960813       0.1  0.960655  0.649613  0.995077  0.190247 4.73211
current:0.0960813       0.1  0.960655  0.649613  0.995077  0.190247 4.73211
current:0.0960813       0.1  0.960655  0.649613  0.995077  0.190247 4.73211
current:0.0960813       0.1  0.960655  0.649613  0.995077  0.190247 4.73211
current:0.0960813       0.1  0.960655  0.649613  0.995077  0.190247 4.73211
current:0.0960813       0.1  0.960655  0.649613  0.995077  0.190247 4.73211
underflow!0.00147006
pos0.00147006        0.1   0.952006   0.774443   0.811717   0.180178
current:0.0960813       0.1  0.960655  0.649613  0.995077  0.190247 4.73211
current:0.0960813       0.1  0.960655  0.649613  0.995077  0.190247 4.73211
overflow!
current:0.0960813       0.1  0.960655  0.649613  0.995077  0.190247 4.73211
current:0.0960813       0.1  0.960655  0.649613  0.995077  0.190247 4.73211
current:0.0960813       0.1  0.960655  0.649613  0.995077  0.190247 4.73211
current:0.0960813       0.1  0.960655  0.649613  0.995077  0.190247 4.73211
current:0.0960813       0.1  0.960655  0.649613  0.995077  0.190247 4.73211
current:0.0960813       0.1  0.960655  0.649613  0.995077  0.190247 4.73211
current:0.0960813       0.1  0.960655  0.649613  0.995077  0.190247 4.73211
current:0.0960813       0.1  0.960655  0.649613  0.995077  0.190247 4.73211
current:0.0960813       0.1  0.960655  0.649613  0.995077  0.190247 4.73211
current:0.0960813       0.1  0.960655  0.649613  0.995077  0.190247 4.73211
current:0.0960813       0.1  0.960655  0.649613  0.995077  0.190247 4.73211
current:0.0960813       0.1  0.960655  0.649613  0.995077  0.190247 4.73211
current:0.0960813       0.1  0.960655  0.649613  0.995077  0.190247 4.73211
current:0.0960813       0.1  0.960655  0.649613  0.995077  0.190247 4.73211
overflow!
current:0.0960813       0.1  0.960655  0.649613  0.995077  0.190247 4.73211
current:0.0960813       0.1  0.960655  0.649613  0.995077  0.190247 4.73211
current:0.0960813       0.1  0.960655  0.649613  0.995077  0.190247 4.73211
current:0.0960813       0.1  0.960655  0.649613  0.995077  0.190247 4.73211
overflow!
overflow!
current:0.0960813       0.1  0.960655  0.649613  0.995077  0.190247 4.73211
current:0.0960813       0.1  0.960655  0.649613  0.995077  0.190247 4.73211
current:0.0960813       0.1  0.960655  0.649613  0.995077  0.190247 4.73211
current:0.0960813       0.1  0.960655  0.649613  0.995077  0.190247 4.73211
current:0.0960813       0.1  0.960655  0.649613  0.995077  0.190247 4.73211
current:0.0960813       0.1  0.960655  0.649613  0.995077  0.190247 4.73211
current:0.0960813       0.1  0.960655  0.649613  0.995077  0.190247 4.73211
current:0.0960813       0.1  0.960655  0.649613  0.995077  0.190247 4.73211
overflow!
current:0.102304      0.1 0.956667 0.482564 0.353301 0.184086 4.68099
current:0.102304      0.1 0.956667 0.482564 0.353301 0.184086 4.68099
current:0.102304      0.1 0.956667 0.482564 0.353301 0.184086 4.68099
current:0.102304      0.1 0.956667 0.482564 0.353301 0.184086 4.68099
overflow!
current:0.102304      0.1 0.956667 0.482564 0.353301 0.184086 4.68099
current:0.102304      0.1 0.956667 0.482564 0.353301 0.184086 4.68099
current:0.102304      0.1 0.956667 0.482564 0.353301 0.184086 4.68099
underflow!0.00157714
pos0.00157714        0.1   0.958707   0.611475  0.0596215   0.180689
current:0.102304      0.1 0.956667 0.482564 0.353301 0.184086 4.68099
current:0.102304      0.1 0.956667 0.482564 0.353301 0.184086 4.68099
current:0.104102      0.1 0.953632 0.593163   0.5357 0.179468 4.48753
current:0.104102      0.1 0.953632 0.593163   0.5357 0.179468 4.48753
current:0.104102      0.1 0.953632 0.593163   0.5357 0.179468 4.48753
current:0.104102      0.1 0.953632 0.593163   0.5357 0.179468 4.48753
underflow!0.00261433
pos  0.836132        0.1   0.952937   0.595155 0.00261433   0.185815
current:0.104102      0.1 0.953632 0.593163   0.5357 0.179468 4.48753
current:0.104102      0.1 0.953632 0.593163   0.5357 0.179468 4.48753
current:0.104102      0.1 0.953632 0.593163   0.5357 0.179468 4.48753
current:0.100778      0.1 0.945495 0.611172 0.613534 0.169952 4.41583
current:0.100778      0.1 0.945495 0.611172 0.613534 0.169952 4.41583
underflow!0.00129042
posunderflow!0.00129042        0.1   0.952757   0.600831    0.68566    0.17702
0.00483792
pos  0.818434        0.1   0.965424   0.643135 0.00483792   0.220476
current:0.100778      0.1 0.945495 0.611172 0.613534 0.169952 4.41583
current:0.100778      0.1 0.945495 0.611172 0.613534 0.169952 4.41583
current:0.100778      0.1 0.945495 0.611172 0.613534 0.169952 4.41583
current:0.100778      0.1 0.945495 0.611172 0.613534 0.169952 4.41583
current:0.100778      0.1 0.945495 0.611172 0.613534 0.169952 4.41583
current:0.100778      0.1 0.945495 0.611172 0.613534 0.169952 4.41583
underflow!0.00170402
pos  0.832852        0.1   0.940654   0.512929 0.00170402   0.179317
current:0.100778      0.1 0.945495 0.611172 0.613534 0.169952 4.41583
current:0.100778      0.1 0.945495 0.611172 0.613534 0.169952 4.41583
current:0.100778      0.1 0.945495 0.611172 0.613534 0.169952 4.41583
overflow!
current:0.100778      0.1 0.945495 0.611172 0.613534 0.169952 4.41583
current:0.100778      0.1 0.945495 0.611172 0.613534 0.169952 4.41583
current:0.100778      0.1 0.945495 0.611172 0.613534 0.169952 4.41583
current:0.100778      0.1 0.945495 0.611172 0.613534 0.169952 4.41583
current:0.100778      0.1 0.945495 0.611172 0.613534 0.169952 4.41583
current:0.100778      0.1 0.945495 0.611172 0.613534 0.169952 4.41583
underflow!0.00331714
pos  0.968308        0.1   0.977769   0.602893 0.00331714   0.192435
current:0.100778      0.1 0.945495 0.611172 0.613534 0.169952 4.41583
current:0.100778      0.1 0.945495 0.611172 0.613534 0.169952 4.41583
current:0.100778      0.1 0.945495 0.611172 0.613534 0.169952 4.41583
current:0.100778      0.1 0.945495 0.611172 0.613534 0.169952 4.41583
underflow!0.000800934
pos   0.580709         0.1    0.947252    0.555886 0.000800934    0.137424
current:0.100778      0.1 0.945495 0.611172 0.613534 0.169952 4.41583
current:0.100778      0.1 0.945495 0.611172 0.613534 0.169952 4.41583
current:0.100778      0.1 0.945495 0.611172 0.613534 0.169952 4.41583
current:0.100778      0.1 0.945495 0.611172 0.613534 0.169952 4.41583
current:0.100778      0.1 0.945495 0.611172 0.613534 0.169952 4.41583
current:0.100778      0.1 0.945495 0.611172 0.613534 0.169952 4.41583
overflow!
current:0.100778      0.1 0.945495 0.611172 0.613534 0.169952 4.41583
current:0.100778      0.1 0.945495 0.611172 0.613534 0.169952 4.41583
overflow!
current:0.100778      0.1 0.945495 0.611172 0.613534 0.169952 4.41583
current:0.100778      0.1 0.945495 0.611172 0.613534 0.169952 4.41583
underflow!0.00193127
pos  0.669132        0.1   0.935697    0.64507 0.00193127   0.117649
current:0.102544      0.1 0.954982  0.59689 0.636994  0.18485 4.3941
underflow!0.00194754
pos0.00194754        0.1   0.950788   0.600748  0.0329245   0.183876
current:0.102544      0.1 0.954982  0.59689 0.636994  0.18485 4.3941
current:0.104557      0.1 0.953421  0.64218 0.758228 0.178636 4.10936
current:0.104557      0.1 0.953421  0.64218 0.758228 0.178636 4.10936
current:0.104557      0.1 0.953421  0.64218 0.758228 0.178636 4.10936
overflow!
current:0.105492      0.1 0.953733 0.633959 0.715157 0.180536 4.03231
overflow!
current:0.105492      0.1 0.953733 0.633959 0.715157 0.180536 4.03231
overflow!
current:0.101873      0.1 0.948048 0.605573 0.887211 0.173601 3.24902
current:0.101873      0.1 0.948048 0.605573 0.887211 0.173601 3.24902
current:0.101873      0.1 0.948048 0.605573 0.887211 0.173601 3.24902
underflow!0.000507634
pos0.000507634         0.1    0.957739    0.656314    0.349735     0.24239
current:0.101873      0.1 0.948048 0.605573 0.887211 0.173601 3.24902
current:0.101873      0.1 0.948048 0.605573 0.887211 0.173601 3.24902
underflow!0.000677992
pos   0.628549         0.1    0.949511    0.641066 0.000677992    0.224812
