USING NONMIXED MOMENTS!!
nRuns:1
Using two part PSO Sample Size:5000 with:12 moments.
Using Times:0.5   2  10  20  30
Bounds for Uniform Distribution (0,1)
Blind PSO --> nParts:40 Nsteps:200
Targeted PSO --> nParts:1 Nsteps:1
sdbeta:0.1
Reading in data!
Using starting row of data:0 and 5000 data pts!
first row X0:192.796 1463.27 5.25096 5.80954 435.297 6.25942
final row X0:466.793 2248.32 5.67464 5.17143 516.351 6.12202



HERE IS X:
5 0 0 0
0 0 3 0
0 1 3 0
1 0 0 1
Xinv
     0.2        0        0        0
       0       -1        1        0
       0 0.333333        0        0
    -0.2        0        0        1
Loading in Truk!
Calculating Yt!
truk cost:6.13882e+08
Weights:

w0
     86.7997     0.141244    -0.888999     0.261993   -0.0548678     0.715268     -6.15872    -2.35e-05  0.000191505   0.00538293     7.83e-05  0.000684087
    0.141244  0.000360411 -0.000344651  -0.00154115     -7.4e-05  -0.00122653  -0.00850432    -6.93e-08     8.29e-08      6.8e-06     1.07e-07     1.72e-06
   -0.888999 -0.000344651     0.388027    -0.788476 -0.000535901    -0.854192    0.0525143     4.24e-08    -3.56e-05  0.000165827     1.32e-07  0.000206748
    0.261993  -0.00154115    -0.788476      1.77075     0.017416      1.72995    0.0304137     2.73e-07     3.51e-06 -0.000638524    -2.77e-05    -6.27e-06
  -0.0548678     -7.4e-05 -0.000535901     0.017416   0.00363848 -0.000231918   0.00566777     1.11e-08    -2.27e-06    -6.97e-05    -7.01e-06     1.48e-05
    0.715268  -0.00122653    -0.854192      1.72995 -0.000231918      1.92862   -0.0272078     2.33e-07     9.64e-05 -0.000493512     2.44e-06 -0.000704513
    -6.15872  -0.00850432    0.0525143    0.0304137   0.00566777   -0.0272078     0.528329     1.35e-06    -3.02e-05 -0.000518861    -8.31e-06     6.07e-06
   -2.35e-05    -6.93e-08     4.24e-08     2.73e-07     1.11e-08     2.33e-07     1.35e-06      1.4e-11    -4.31e-12    -1.08e-09    -1.69e-11    -3.11e-10
 0.000191505     8.29e-08    -3.56e-05     3.51e-06    -2.27e-06     9.64e-05    -3.02e-05    -4.31e-12     7.71e-08    -3.94e-07     4.41e-09    -4.87e-07
  0.00538293      6.8e-06  0.000165827 -0.000638524    -6.97e-05 -0.000493512 -0.000518861    -1.08e-09    -3.94e-07      7.2e-06     1.07e-07     2.63e-06
    7.83e-05     1.07e-07     1.32e-07    -2.77e-05    -7.01e-06     2.44e-06    -8.31e-06    -1.69e-11     4.41e-09     1.07e-07     1.51e-08    -2.91e-08
 0.000684087     1.72e-06  0.000206748    -6.27e-06     1.48e-05 -0.000704513     6.07e-06    -3.11e-10    -4.87e-07     2.63e-06    -2.91e-08     3.62e-06
w1
     1.81747   0.00839929      1.91975     -1.04796    0.0364934     -1.23652  -0.00220902    -1.83e-06 -0.000237704  0.000113114 -0.000112696  0.000141656
  0.00839929  0.000110953   0.00647808  -0.00351061  0.000140565  -0.00415314    -1.61e-05    -2.86e-08    -8.65e-07     3.79e-07    -4.31e-07     4.78e-07
     1.91975   0.00647808      3.09305     -1.69299    0.0526982     -1.98902  0.000554789    -1.29e-06 -0.000368559  0.000193724 -0.000163128  0.000224239
    -1.04796  -0.00351061     -1.69299     0.927745   -0.0280349      1.08979 -0.000321612     6.98e-07  0.000198086 -0.000105968      8.7e-05 -0.000122758
   0.0364934  0.000140565    0.0526982   -0.0280349   0.00601183   -0.0340862     4.06e-06    -2.92e-08    -5.24e-06     1.78e-06    -2.12e-05     3.28e-06
    -1.23652  -0.00415314     -1.98902      1.08979   -0.0340862      1.28541  -0.00036668     8.24e-07  0.000231011 -0.000123296  0.000106044 -0.000153886
 -0.00220902    -1.61e-05  0.000554789 -0.000321612     4.06e-06  -0.00036668     1.14e-05     3.79e-09     4.83e-08     3.49e-08    -1.24e-08     2.09e-08
   -1.83e-06    -2.86e-08    -1.29e-06     6.98e-07    -2.92e-08     8.24e-07     3.79e-09     7.81e-12     1.76e-10    -7.61e-11     8.79e-11    -9.44e-11
-0.000237704    -8.65e-07 -0.000368559  0.000198086    -5.24e-06  0.000231011     4.83e-08     1.76e-10     6.82e-08    -2.89e-08     1.61e-08    -2.89e-08
 0.000113114     3.79e-07  0.000193724 -0.000105968     1.78e-06 -0.000123296     3.49e-08    -7.61e-11    -2.89e-08      1.5e-08    -5.74e-09     1.49e-08
-0.000112696    -4.31e-07 -0.000163128      8.7e-05    -2.12e-05  0.000106044    -1.24e-08     8.79e-11     1.61e-08    -5.74e-09     8.95e-08    -1.12e-08
 0.000141656     4.78e-07  0.000224239 -0.000122758     3.28e-06 -0.000153886     2.09e-08    -9.44e-11    -2.89e-08     1.49e-08    -1.12e-08     3.93e-08
w2
   0.0114143  0.000264951    0.0155657  -0.00135256   0.00342051  -0.00298218    -1.43e-05    -9.39e-08    -1.87e-05     1.81e-07    -2.93e-05     7.64e-07
 0.000264951     5.54e-05  0.000212319    -3.25e-07  0.000439947    -3.16e-05    -3.99e-07    -2.36e-08    -3.71e-07    -1.07e-09    -3.12e-06     1.44e-08
   0.0155657  0.000212319    0.0274945  -0.00193459    0.0100571  -0.00461738    -1.78e-05    -6.99e-08    -4.35e-05     2.68e-07 -0.000105543     1.65e-06
 -0.00135256    -3.25e-07  -0.00193459  0.000256116   0.00344358  0.000414033     1.59e-06     1.59e-09     2.03e-06    -4.78e-08    -4.23e-05    -1.05e-07
  0.00342051  0.000439947    0.0100571   0.00344358      1.50346  0.000284412    -2.32e-06    -1.93e-07    -2.12e-05    -1.06e-06   -0.0207171    -8.38e-06
 -0.00298218    -3.16e-05  -0.00461738  0.000414033  0.000284412   0.00279368     3.38e-06      8.5e-09     5.75e-06    -5.76e-08     9.15e-06    -3.58e-06
   -1.43e-05    -3.99e-07    -1.78e-05     1.59e-06    -2.32e-06     3.38e-06        2e-08     1.43e-10      2.1e-08    -2.24e-10     1.27e-08    -7.82e-10
   -9.39e-08    -2.36e-08    -6.99e-08     1.59e-09    -1.93e-07      8.5e-09     1.43e-10     1.16e-11      1.3e-10    -1.16e-13     1.11e-09     -2.9e-12
   -1.87e-05    -3.71e-07    -4.35e-05     2.03e-06    -2.12e-05     5.75e-06      2.1e-08      1.3e-10     9.29e-08    -3.06e-10      2.3e-07     -3.2e-09
    1.81e-07    -1.07e-09     2.68e-07    -4.78e-08    -1.06e-06    -5.76e-08    -2.24e-10    -1.16e-13    -3.06e-10     1.15e-11     1.27e-08     1.58e-11
   -2.93e-05    -3.12e-06 -0.000105543    -4.23e-05   -0.0207171     9.15e-06     1.27e-08     1.11e-09      2.3e-07     1.27e-08  0.000325591     7.68e-08
    7.64e-07     1.44e-08     1.65e-06    -1.05e-07    -8.38e-06    -3.58e-06    -7.82e-10     -2.9e-12     -3.2e-09     1.58e-11     7.68e-08      6.5e-09
w3
  0.00317974  0.000142793   0.00568608 -0.000138956    0.0168298 -0.000996564    -5.77e-06     -5.6e-08    -1.32e-05     2.17e-08 -0.000443844     4.85e-07
 0.000142793  0.000167611 -0.000252244     2.78e-05  0.000244376     3.92e-05    -2.81e-07    -9.52e-08    -1.47e-07     -5.7e-09  0.000115807     2.86e-08
  0.00568608 -0.000252244    0.0281779 -0.000229373    0.0540436  -0.00497289    -9.37e-06     1.39e-07  -0.00010614     3.49e-08  -0.00158658     4.55e-06
-0.000138956     2.78e-05 -0.000229373  0.000123427    0.0224634     4.94e-05     2.47e-07    -1.02e-08    -7.97e-08       -3e-08 -0.000700668    -8.29e-09
   0.0168298  0.000244376    0.0540436    0.0224634      25.3573  -0.00276576    -2.58e-05    -2.45e-06  -0.00010044    -5.18e-06    -0.886792    -6.28e-05
-0.000996564     3.92e-05  -0.00497289     4.94e-05  -0.00276576   0.00275027     1.62e-06    -2.21e-08     1.83e-05    -7.01e-09  0.000107571    -4.04e-06
   -5.77e-06    -2.81e-07    -9.37e-06     2.47e-07    -2.58e-05     1.62e-06     1.14e-08     1.12e-10     2.16e-08     -4.3e-11     6.57e-07    -7.52e-10
    -5.6e-08    -9.52e-08     1.39e-07    -1.02e-08    -2.45e-06    -2.21e-08     1.12e-10     6.27e-11     7.45e-11     1.93e-12    -1.74e-08    -1.18e-11
   -1.32e-05    -1.47e-07  -0.00010614    -7.97e-08  -0.00010044     1.83e-05     2.16e-08     7.45e-11      4.9e-07     2.29e-11     2.01e-06    -2.15e-08
    2.17e-08     -5.7e-09     3.49e-08       -3e-08    -5.18e-06    -7.01e-09     -4.3e-11     1.93e-12     2.29e-11     7.69e-12      1.6e-07     2.63e-13
-0.000443844  0.000115807  -0.00158658 -0.000700668    -0.886792  0.000107571     6.57e-07    -1.74e-08     2.01e-06      1.6e-07     0.035315     2.15e-06
    4.85e-07     2.86e-08     4.55e-06    -8.29e-09    -6.28e-05    -4.04e-06    -7.52e-10    -1.18e-11    -2.15e-08     2.63e-13     2.15e-06     7.27e-09
w4
  0.00215143  0.000130403    0.0050308    -3.81e-05    0.0250193 -0.000885834    -4.22e-06    -5.43e-08    -1.43e-05     5.44e-09 -0.000835138     4.74e-07
 0.000130403  0.000482096  -0.00140302     3.65e-05    0.0125614  0.000266677    -2.55e-07    -3.03e-07    -6.67e-07    -7.12e-09    -1.34e-05    -1.54e-08
   0.0050308  -0.00140302     0.110978 -0.000140727    0.0953145   -0.0214345     -8.9e-06     7.91e-07 -0.000582493     2.34e-08  -0.00400613     2.35e-05
   -3.81e-05     3.65e-05 -0.000140727  0.000124701    0.0414479     1.63e-05     7.52e-08    -2.15e-08    -1.99e-07    -2.94e-08  -0.00154343    -9.87e-09
   0.0250193    0.0125614    0.0953145    0.0414479      71.4938   -0.0320345    -4.41e-05    -2.84e-05    -7.67e-06    -8.59e-06     -2.86035    -9.93e-05
-0.000885834  0.000266677   -0.0214345     1.63e-05   -0.0320345   0.00600921     1.55e-06    -1.35e-07  0.000111722     -1.8e-09   0.00126789    -7.72e-06
   -4.22e-06    -2.55e-07     -8.9e-06     7.52e-08    -4.41e-05     1.55e-06     9.03e-09     1.06e-10      2.5e-08     -1.3e-11     1.47e-06    -7.97e-10
   -5.43e-08    -3.03e-07     7.91e-07    -2.15e-08    -2.84e-05    -1.35e-07     1.06e-10     2.25e-10     1.97e-10     3.92e-12      6.4e-07     1.68e-11
   -1.43e-05    -6.67e-07 -0.000582493    -1.99e-07    -7.67e-06  0.000111722      2.5e-08     1.97e-10     3.52e-06     2.81e-11    -1.32e-06    -1.41e-07
    5.44e-09    -7.12e-09     2.34e-08    -2.94e-08    -8.59e-06     -1.8e-09     -1.3e-11     3.92e-12     2.81e-11     7.23e-12     3.16e-07     9.75e-13
-0.000835138    -1.34e-05  -0.00400613  -0.00154343     -2.86035   0.00126789     1.47e-06      6.4e-07    -1.32e-06     3.16e-07     0.129144     4.19e-06
    4.74e-07    -1.54e-08     2.35e-05    -9.87e-09    -9.93e-05    -7.72e-06    -7.97e-10     1.68e-11    -1.41e-07     9.75e-13     4.19e-06     1.19e-08
XtmVec:   0.699247     1766.55      208.71     8.20978     117.774     93.5674    0.663245 3.37761e+06       50122     227.374     20520.7     9653.74
XtmVec:  0.991784    1525.93    208.417    151.306    19.9634    191.378    18.3475 2.6093e+06    49910.8    42933.3    2245.87      40657
XtmVec:    65.7412     560.879     143.668      1162.1    0.948179     210.394     16257.3      654494     24546.8 1.62647e+06     45.3133     50832.2
XtmVec:    138.842     157.414     70.5668     1638.23    0.516117     210.826     30326.2      156284     6796.14 2.97193e+06     18.4961       51132
XtmVec:    155.182     59.8249     54.2272     1752.09    0.450982     210.891     32325.3     57337.4     3693.92 3.34526e+06     15.8679     51178.8
seedk: 0.19355      0.1 0.931132 0.574972 0.965265 0.212802| cost:3.38563
PSO begins!
current: 0.19355      0.1 0.931132 0.574972 0.965265 0.212802 3.38563
overflow!
current:0.869591      0.1 0.911745 0.163826 0.112757 0.174589 0.154121
overflow!
current:0.869591      0.1 0.911745 0.163826 0.112757 0.174589 0.154121
current:0.869591      0.1 0.911745 0.163826 0.112757 0.174589 0.154121
current:0.869591      0.1 0.911745 0.163826 0.112757 0.174589 0.154121
current:0.869591      0.1 0.911745 0.163826 0.112757 0.174589 0.154121
current:0.278628      0.1 0.895046 0.486482 0.528377 0.142879 0.128181
overflow!
current:0.214865      0.1 0.926915 0.257453 0.382726 0.170021 0.113518
current:0.214865      0.1 0.926915 0.257453 0.382726 0.170021 0.113518
current:0.214865      0.1 0.926915 0.257453 0.382726 0.170021 0.113518
current:0.214865      0.1 0.926915 0.257453 0.382726 0.170021 0.113518
underflow!0.00422018
pos  0.517139        0.1   0.868142   0.317439 0.00422018    0.31098
current:0.214865      0.1 0.926915 0.257453 0.382726 0.170021 0.113518
current:0.253999      0.1 0.901191 0.234701 0.167489 0.150257 0.104909
underflow!0.000444475
pos   0.841001         0.1    0.863788    0.459597 0.000444475    0.191705
current:0.253999      0.1 0.901191 0.234701 0.167489 0.150257 0.104909
current:0.253999      0.1 0.901191 0.234701 0.167489 0.150257 0.104909
current:0.253999      0.1 0.901191 0.234701 0.167489 0.150257 0.104909
current:0.253999      0.1 0.901191 0.234701 0.167489 0.150257 0.104909
current:0.754674      0.1 0.932793 0.260461 0.287637 0.176851 0.0645134
current:0.754674      0.1 0.932793 0.260461 0.287637 0.176851 0.0645134
overflow!
current:0.754674      0.1 0.932793 0.260461 0.287637 0.176851 0.0645134
overflow!
current:0.754674      0.1 0.932793 0.260461 0.287637 0.176851 0.0645134
overflow!
current:0.754674      0.1 0.932793 0.260461 0.287637 0.176851 0.0645134
current:0.105645      0.1  0.91824 0.231089 0.228939 0.153613 0.0429011
underflow!0.00366512
pos0.00366512        0.1   0.844053   0.293278   0.942405   0.178462
current:0.105645      0.1  0.91824 0.231089 0.228939 0.153613 0.0429011
current:0.105645      0.1  0.91824 0.231089 0.228939 0.153613 0.0429011
current:0.105645      0.1  0.91824 0.231089 0.228939 0.153613 0.0429011
current:0.105645      0.1  0.91824 0.231089 0.228939 0.153613 0.0429011
underflow!0.00177678
pos  0.880796        0.1   0.925997   0.388345 0.00177678  0.0717209
current:0.105645      0.1  0.91824 0.231089 0.228939 0.153613 0.0429011
current:0.105645      0.1  0.91824 0.231089 0.228939 0.153613 0.0429011
current:0.105645      0.1  0.91824 0.231089 0.228939 0.153613 0.0429011
current:0.105645      0.1  0.91824 0.231089 0.228939 0.153613 0.0429011
current:0.105645      0.1  0.91824 0.231089 0.228939 0.153613 0.0429011
underflow!0.00322451
pos  0.797192        0.1   0.916717   0.241662 0.00322451   0.153797
current:0.105645      0.1  0.91824 0.231089 0.228939 0.153613 0.0429011
current:0.166021      0.1 0.922677 0.284432  0.31859 0.163285 0.0399399
current:0.166021      0.1 0.922677 0.284432  0.31859 0.163285 0.0399399
current:0.166021      0.1 0.922677 0.284432  0.31859 0.163285 0.0399399
current:0.166021      0.1 0.922677 0.284432  0.31859 0.163285 0.0399399
current:0.166021      0.1 0.922677 0.284432  0.31859 0.163285 0.0399399
current:0.166021      0.1 0.922677 0.284432  0.31859 0.163285 0.0399399
current:0.166021      0.1 0.922677 0.284432  0.31859 0.163285 0.0399399
current:0.166021      0.1 0.922677 0.284432  0.31859 0.163285 0.0399399
current:0.166021      0.1 0.922677 0.284432  0.31859 0.163285 0.0399399
current:0.166021      0.1 0.922677 0.284432  0.31859 0.163285 0.0399399
current:0.166021      0.1 0.922677 0.284432  0.31859 0.163285 0.0399399
current:0.166021      0.1 0.922677 0.284432  0.31859 0.163285 0.0399399
current:0.166021      0.1 0.922677 0.284432  0.31859 0.163285 0.0399399
overflow!
current:0.166021      0.1 0.922677 0.284432  0.31859 0.163285 0.0399399
current:0.166021      0.1 0.922677 0.284432  0.31859 0.163285 0.0399399
current:0.166021      0.1 0.922677 0.284432  0.31859 0.163285 0.0399399
current:0.166021      0.1 0.922677 0.284432  0.31859 0.163285 0.0399399
current:0.166021      0.1 0.922677 0.284432  0.31859 0.163285 0.0399399
current:  0.1715      0.1 0.928892  0.29331    0.362 0.169095 0.039934
current:  0.1715      0.1 0.928892  0.29331    0.362 0.169095 0.039934
underflow!0.00359763
pos  0.756909        0.1   0.914289   0.266791 0.00359763   0.169047
current:  0.1715      0.1 0.928892  0.29331    0.362 0.169095 0.039934
current:  0.1715      0.1 0.928892  0.29331    0.362 0.169095 0.039934
underflow!0.000484993
pos   0.384415         0.1    0.916845    0.376856 0.000484993    0.160786
current:  0.1715      0.1 0.928892  0.29331    0.362 0.169095 0.039934
current:  0.1715      0.1 0.928892  0.29331    0.362 0.169095 0.039934
overflow!
current:  0.1715      0.1 0.928892  0.29331    0.362 0.169095 0.039934
current:  0.1715      0.1 0.928892  0.29331    0.362 0.169095 0.039934
underflow!0.000723635
pos0.000723635         0.1    0.904383    0.286592    0.314716    0.165907
current:  0.1715      0.1 0.928892  0.29331    0.362 0.169095 0.039934
current:  0.1715      0.1 0.928892  0.29331    0.362 0.169095 0.039934
current:  0.1715      0.1 0.928892  0.29331    0.362 0.169095 0.039934
current:  0.1715      0.1 0.928892  0.29331    0.362 0.169095 0.039934
underflow!0.00113864
pos  0.299406        0.1   0.917353   0.291314 0.00113864   0.154339
current:  0.1715      0.1 0.928892  0.29331    0.362 0.169095 0.039934
overflow!
current:  0.1715      0.1 0.928892  0.29331    0.362 0.169095 0.039934
current:  0.1715      0.1 0.928892  0.29331    0.362 0.169095 0.039934
current:0.129062      0.1  0.93387 0.278481  0.29123 0.169516 0.0253931
underflow!0.00172782
pos  0.349016        0.1   0.938222   0.279682 0.00172782   0.171877
current:0.129062      0.1  0.93387 0.278481  0.29123 0.169516 0.0253931
overflow!
current:0.129062      0.1  0.93387 0.278481  0.29123 0.169516 0.0253931
current:0.129062      0.1  0.93387 0.278481  0.29123 0.169516 0.0253931
underflow!0.0027585
pos0.0027585       0.1  0.922382  0.313664  0.318237  0.239205
underflow!0.00436033
pos0.00436033        0.1   0.921852   0.324819   0.533747   0.162011
current:0.129062      0.1  0.93387 0.278481  0.29123 0.169516 0.0253931
current:0.129062      0.1  0.93387 0.278481  0.29123 0.169516 0.0253931
overflow!
current:0.129062      0.1  0.93387 0.278481  0.29123 0.169516 0.0253931
current:0.129062      0.1  0.93387 0.278481  0.29123 0.169516 0.0253931
current:0.129062      0.1  0.93387 0.278481  0.29123 0.169516 0.0253931
current:0.129062      0.1  0.93387 0.278481  0.29123 0.169516 0.0253931
current:0.129062      0.1  0.93387 0.278481  0.29123 0.169516 0.0253931
current:0.129062      0.1  0.93387 0.278481  0.29123 0.169516 0.0253931
current:0.129062      0.1  0.93387 0.278481  0.29123 0.169516 0.0253931
current:0.129062      0.1  0.93387 0.278481  0.29123 0.169516 0.0253931
current:0.129062      0.1  0.93387 0.278481  0.29123 0.169516 0.0253931
overflow!
current:0.129062      0.1  0.93387 0.278481  0.29123 0.169516 0.0253931
underflow!0.000339033
pos0.000339033         0.1    0.927296    0.289303    0.421595    0.148358
current:0.129062      0.1  0.93387 0.278481  0.29123 0.169516 0.0253931
current:0.129062      0.1  0.93387 0.278481  0.29123 0.169516 0.0253931
overflow!
current:0.129062      0.1  0.93387 0.278481  0.29123 0.169516 0.0253931
current:0.129062      0.1  0.93387 0.278481  0.29123 0.169516 0.0253931
current:0.129062      0.1  0.93387 0.278481  0.29123 0.169516 0.0253931
current:0.129062      0.1  0.93387 0.278481  0.29123 0.169516 0.0253931
current:0.129062      0.1  0.93387 0.278481  0.29123 0.169516 0.0253931
current:0.129062      0.1  0.93387 0.278481  0.29123 0.169516 0.0253931
current:0.129062      0.1  0.93387 0.278481  0.29123 0.169516 0.0253931
current:0.129062      0.1  0.93387 0.278481  0.29123 0.169516 0.0253931
underflow!0.000154227
pos   0.493155         0.1    0.935202    0.297135 0.000154227    0.171081
current:0.129062      0.1  0.93387 0.278481  0.29123 0.169516 0.0253931
current:0.129062      0.1  0.93387 0.278481  0.29123 0.169516 0.0253931
current:0.129062      0.1  0.93387 0.278481  0.29123 0.169516 0.0253931
overflow!
underflow!0.000544639
pos   0.729393         0.1    0.931022    0.276365 0.000544639    0.172719
current:0.129062      0.1  0.93387 0.278481  0.29123 0.169516 0.0253931
current:0.129062      0.1  0.93387 0.278481  0.29123 0.169516 0.0253931
current:0.129062      0.1  0.93387 0.278481  0.29123 0.169516 0.0253931
current:0.129062      0.1  0.93387 0.278481  0.29123 0.169516 0.0253931
current:0.129062      0.1  0.93387 0.278481  0.29123 0.169516 0.0253931
current:0.129062      0.1  0.93387 0.278481  0.29123 0.169516 0.0253931
current:0.129062      0.1  0.93387 0.278481  0.29123 0.169516 0.0253931
current:0.129062      0.1  0.93387 0.278481  0.29123 0.169516 0.0253931
current:0.129062      0.1  0.93387 0.278481  0.29123 0.169516 0.0253931
overflow!
current:0.129062      0.1  0.93387 0.278481  0.29123 0.169516 0.0253931
current:0.129062      0.1  0.93387 0.278481  0.29123 0.169516 0.0253931
current:0.129062      0.1  0.93387 0.278481  0.29123 0.169516 0.0253931
current:0.129062      0.1  0.93387 0.278481  0.29123 0.169516 0.0253931
current:0.129062      0.1  0.93387 0.278481  0.29123 0.169516 0.0253931
overflow!
current:0.130485      0.1 0.931963 0.273184 0.276199 0.168885 0.0251591
current:0.130485      0.1 0.931963 0.273184 0.276199 0.168885 0.0251591
underflow!0.00213637
pos  0.620883        0.1   0.915147   0.281655 0.00213637   0.160032
current:0.130485      0.1 0.931963 0.273184 0.276199 0.168885 0.0251591
current:0.130485      0.1 0.931963 0.273184 0.276199 0.168885 0.0251591
current:0.130485      0.1 0.931963 0.273184 0.276199 0.168885 0.0251591
current:0.130485      0.1 0.931963 0.273184 0.276199 0.168885 0.0251591
current:0.130485      0.1 0.931963 0.273184 0.276199 0.168885 0.0251591
current:0.130485      0.1 0.931963 0.273184 0.276199 0.168885 0.0251591
current:0.130485      0.1 0.931963 0.273184 0.276199 0.168885 0.0251591
underflow!0.00493943
pos 0.0353709        0.1    0.92181   0.272006 0.00493943   0.185934
current:0.130485      0.1 0.931963 0.273184 0.276199 0.168885 0.0251591
current:0.130485      0.1 0.931963 0.273184 0.276199 0.168885 0.0251591
current:0.130485      0.1 0.931963 0.273184 0.276199 0.168885 0.0251591
current:0.130485      0.1 0.931963 0.273184 0.276199 0.168885 0.0251591
current:0.130485      0.1 0.931963 0.273184 0.276199 0.168885 0.0251591
current:0.130485      0.1 0.931963 0.273184 0.276199 0.168885 0.0251591
underflow!0.00169055
pos0.00169055        0.1   0.929574   0.283999   0.815238   0.140005
current:0.130485      0.1 0.931963 0.273184 0.276199 0.168885 0.0251591
current:0.130485      0.1 0.931963 0.273184 0.276199 0.168885 0.0251591
current:0.130485      0.1 0.931963 0.273184 0.276199 0.168885 0.0251591
underflow!0.000503205
pos0.000503205         0.1    0.933447    0.289653    0.374619    0.170774
current:0.122865      0.1 0.933174 0.272831 0.278044 0.169079 0.0237556
current:0.122865      0.1 0.933174 0.272831 0.278044 0.169079 0.0237556
current:0.122865      0.1 0.933174 0.272831 0.278044 0.169079 0.0237556
current:0.122865      0.1 0.933174 0.272831 0.278044 0.169079 0.0237556
current:0.122865      0.1 0.933174 0.272831 0.278044 0.169079 0.0237556
current:0.122865      0.1 0.933174 0.272831 0.278044 0.169079 0.0237556
current:0.122865      0.1 0.933174 0.272831 0.278044 0.169079 0.0237556
underflow!0.00186643
pos  0.716613        0.1   0.937199   0.273049 0.00186643   0.170496
current:0.122865      0.1 0.933174 0.272831 0.278044 0.169079 0.0237556
overflow!
current:0.122865      0.1 0.933174 0.272831 0.278044 0.169079 0.0237556
current:0.122865      0.1 0.933174 0.272831 0.278044 0.169079 0.0237556
current:0.122865      0.1 0.933174 0.272831 0.278044 0.169079 0.0237556
underflow!0.00416495
pos0.00416495        0.1    0.93367   0.273709   0.884726    0.16941
current:0.122865      0.1 0.933174 0.272831 0.278044 0.169079 0.0237556
current:0.122865      0.1 0.933174 0.272831 0.278044 0.169079 0.0237556
current:0.122865      0.1 0.933174 0.272831 0.278044 0.169079 0.0237556
current:0.122865      0.1 0.933174 0.272831 0.278044 0.169079 0.0237556
current:0.122865      0.1 0.933174 0.272831 0.278044 0.169079 0.0237556
overflow!
current:0.122865      0.1 0.933174 0.272831 0.278044 0.169079 0.0237556
current:0.122865      0.1 0.933174 0.272831 0.278044 0.169079 0.0237556
overflow!
current:0.122865      0.1 0.933174 0.272831 0.278044 0.169079 0.0237556
current:0.122865      0.1 0.933174 0.272831 0.278044 0.169079 0.0237556
current:0.122865      0.1 0.933174 0.272831 0.278044 0.169079 0.0237556
overflow!
current:0.122865      0.1 0.933174 0.272831 0.278044 0.169079 0.0237556
overflow!
current:0.122865      0.1 0.933174 0.272831 0.278044 0.169079 0.0237556
overflow!
current:0.122865      0.1 0.933174 0.272831 0.278044 0.169079 0.0237556
overflow!
current:0.122865      0.1 0.933174 0.272831 0.278044 0.169079 0.0237556
current:0.122865      0.1 0.933174 0.272831 0.278044 0.169079 0.0237556
current:0.122865      0.1 0.933174 0.272831 0.278044 0.169079 0.0237556
current:0.122865      0.1 0.933174 0.272831 0.278044 0.169079 0.0237556
current:0.122865      0.1 0.933174 0.272831 0.278044 0.169079 0.0237556
current:0.122865      0.1 0.933174 0.272831 0.278044 0.169079 0.0237556
current:0.122865      0.1 0.933174 0.272831 0.278044 0.169079 0.0237556
current:0.122865      0.1 0.933174 0.272831 0.278044 0.169079 0.0237556
current:0.122865      0.1 0.933174 0.272831 0.278044 0.169079 0.0237556
current:0.122865      0.1 0.933174 0.272831 0.278044 0.169079 0.0237556
underflow!0.00218859
pos0.00218859        0.1   0.928659   0.281398   0.909012   0.168554
current:0.122865      0.1 0.933174 0.272831 0.278044 0.169079 0.0237556
overflow!
current:0.122865      0.1 0.933174 0.272831 0.278044 0.169079 0.0237556
current:0.122865      0.1 0.933174 0.272831 0.278044 0.169079 0.0237556
current:0.122865      0.1 0.933174 0.272831 0.278044 0.169079 0.0237556
current:0.122865      0.1 0.933174 0.272831 0.278044 0.169079 0.0237556
current:0.112082      0.1 0.935821 0.273203  0.29432 0.170969 0.0235776
overflow!
current:0.112082      0.1 0.935821 0.273203  0.29432 0.170969 0.0235776
current:0.112082      0.1 0.935821 0.273203  0.29432 0.170969 0.0235776
current:0.112082      0.1 0.935821 0.273203  0.29432 0.170969 0.0235776
current:0.112082      0.1 0.935821 0.273203  0.29432 0.170969 0.0235776
current:0.112082      0.1 0.935821 0.273203  0.29432 0.170969 0.0235776
current:0.112082      0.1 0.935821 0.273203  0.29432 0.170969 0.0235776
current:0.112082      0.1 0.935821 0.273203  0.29432 0.170969 0.0235776
overflow!
current:0.112082      0.1 0.935821 0.273203  0.29432 0.170969 0.0235776
current:0.121391      0.1 0.934499 0.274221 0.281091 0.169968 0.0233814
underflow!0.00300732
pos0.00300732        0.1   0.931483   0.273824   0.640356   0.166721
current:0.121391      0.1 0.934499 0.274221 0.281091 0.169968 0.0233814
current:0.121391      0.1 0.934499 0.274221 0.281091 0.169968 0.0233814
current:0.121391      0.1 0.934499 0.274221 0.281091 0.169968 0.0233814
current:0.114742      0.1 0.934381 0.262026 0.274337 0.169728 0.0233756
current:0.114742      0.1 0.934381 0.262026 0.274337 0.169728 0.0233756
current:0.114742      0.1 0.934381 0.262026 0.274337 0.169728 0.0233756
current:0.114742      0.1 0.934381 0.262026 0.274337 0.169728 0.0233756
current:0.114742      0.1 0.934381 0.262026 0.274337 0.169728 0.0233756
current:0.114742      0.1 0.934381 0.262026 0.274337 0.169728 0.0233756
current:0.115394      0.1 0.933976 0.265581 0.277043 0.169652 0.023335
current:0.115394      0.1 0.933976 0.265581 0.277043 0.169652 0.023335
current:0.115394      0.1 0.933976 0.265581 0.277043 0.169652 0.023335
underflow!0.00310353
pos  0.709828        0.1   0.938479   0.264797 0.00310353   0.149394
current:0.115394      0.1 0.933976 0.265581 0.277043 0.169652 0.023335
current: 0.11716      0.1 0.934343 0.266645  0.27912 0.169887 0.023271
current: 0.11716      0.1 0.934343 0.266645  0.27912 0.169887 0.023271
underflow!0.000925481
pos   0.139368         0.1    0.934189    0.263847 0.000925481    0.169816
current: 0.11716      0.1 0.934343 0.266645  0.27912 0.169887 0.023271
current: 0.11716      0.1 0.934343 0.266645  0.27912 0.169887 0.023271
current: 0.11716      0.1 0.934343 0.266645  0.27912 0.169887 0.023271
underflow!0.00106436
pos  0.690735        0.1   0.933246   0.252512 0.00106436   0.170433
current: 0.11716      0.1 0.934343 0.266645  0.27912 0.169887 0.023271
current: 0.11716      0.1 0.934343 0.266645  0.27912 0.169887 0.023271
current: 0.11716      0.1 0.934343 0.266645  0.27912 0.169887 0.023271
current: 0.11716      0.1 0.934343 0.266645  0.27912 0.169887 0.023271
current: 0.11716      0.1 0.934343 0.266645  0.27912 0.169887 0.023271
current: 0.11716      0.1 0.934343 0.266645  0.27912 0.169887 0.023271
GBMAT from blind PSO:

  0.19355       0.1  0.931132  0.574972  0.965265  0.212802   3.38563
  0.19355       0.1  0.931132  0.574972  0.965265  0.212802   3.38563
 0.869591       0.1  0.911745  0.163826  0.112757  0.174589  0.154121
 0.869591       0.1  0.911745  0.163826  0.112757  0.174589  0.154121
 0.869591       0.1  0.911745  0.163826  0.112757  0.174589  0.154121
 0.869591       0.1  0.911745  0.163826  0.112757  0.174589  0.154121
 0.869591       0.1  0.911745  0.163826  0.112757  0.174589  0.154121
 0.278628       0.1  0.895046  0.486482  0.528377  0.142879  0.128181
 0.214865       0.1  0.926915  0.257453  0.382726  0.170021  0.113518
 0.214865       0.1  0.926915  0.257453  0.382726  0.170021  0.113518
 0.214865       0.1  0.926915  0.257453  0.382726  0.170021  0.113518
 0.214865       0.1  0.926915  0.257453  0.382726  0.170021  0.113518
 0.214865       0.1  0.926915  0.257453  0.382726  0.170021  0.113518
 0.253999       0.1  0.901191  0.234701  0.167489  0.150257  0.104909
 0.253999       0.1  0.901191  0.234701  0.167489  0.150257  0.104909
 0.253999       0.1  0.901191  0.234701  0.167489  0.150257  0.104909
 0.253999       0.1  0.901191  0.234701  0.167489  0.150257  0.104909
 0.253999       0.1  0.901191  0.234701  0.167489  0.150257  0.104909
 0.754674       0.1  0.932793  0.260461  0.287637  0.176851 0.0645134
 0.754674       0.1  0.932793  0.260461  0.287637  0.176851 0.0645134
 0.754674       0.1  0.932793  0.260461  0.287637  0.176851 0.0645134
 0.754674       0.1  0.932793  0.260461  0.287637  0.176851 0.0645134
 0.754674       0.1  0.932793  0.260461  0.287637  0.176851 0.0645134
 0.105645       0.1   0.91824  0.231089  0.228939  0.153613 0.0429011
 0.105645       0.1   0.91824  0.231089  0.228939  0.153613 0.0429011
 0.105645       0.1   0.91824  0.231089  0.228939  0.153613 0.0429011
 0.105645       0.1   0.91824  0.231089  0.228939  0.153613 0.0429011
 0.105645       0.1   0.91824  0.231089  0.228939  0.153613 0.0429011
 0.105645       0.1   0.91824  0.231089  0.228939  0.153613 0.0429011
 0.105645       0.1   0.91824  0.231089  0.228939  0.153613 0.0429011
 0.105645       0.1   0.91824  0.231089  0.228939  0.153613 0.0429011
 0.105645       0.1   0.91824  0.231089  0.228939  0.153613 0.0429011
 0.105645       0.1   0.91824  0.231089  0.228939  0.153613 0.0429011
 0.105645       0.1   0.91824  0.231089  0.228939  0.153613 0.0429011
 0.166021       0.1  0.922677  0.284432   0.31859  0.163285 0.0399399
 0.166021       0.1  0.922677  0.284432   0.31859  0.163285 0.0399399
 0.166021       0.1  0.922677  0.284432   0.31859  0.163285 0.0399399
 0.166021       0.1  0.922677  0.284432   0.31859  0.163285 0.0399399
 0.166021       0.1  0.922677  0.284432   0.31859  0.163285 0.0399399
 0.166021       0.1  0.922677  0.284432   0.31859  0.163285 0.0399399
 0.166021       0.1  0.922677  0.284432   0.31859  0.163285 0.0399399
 0.166021       0.1  0.922677  0.284432   0.31859  0.163285 0.0399399
 0.166021       0.1  0.922677  0.284432   0.31859  0.163285 0.0399399
 0.166021       0.1  0.922677  0.284432   0.31859  0.163285 0.0399399
 0.166021       0.1  0.922677  0.284432   0.31859  0.163285 0.0399399
 0.166021       0.1  0.922677  0.284432   0.31859  0.163285 0.0399399
 0.166021       0.1  0.922677  0.284432   0.31859  0.163285 0.0399399
 0.166021       0.1  0.922677  0.284432   0.31859  0.163285 0.0399399
 0.166021       0.1  0.922677  0.284432   0.31859  0.163285 0.0399399
 0.166021       0.1  0.922677  0.284432   0.31859  0.163285 0.0399399
 0.166021       0.1  0.922677  0.284432   0.31859  0.163285 0.0399399
 0.166021       0.1  0.922677  0.284432   0.31859  0.163285 0.0399399
   0.1715       0.1  0.928892   0.29331     0.362  0.169095  0.039934
   0.1715       0.1  0.928892   0.29331     0.362  0.169095  0.039934
   0.1715       0.1  0.928892   0.29331     0.362  0.169095  0.039934
   0.1715       0.1  0.928892   0.29331     0.362  0.169095  0.039934
   0.1715       0.1  0.928892   0.29331     0.362  0.169095  0.039934
   0.1715       0.1  0.928892   0.29331     0.362  0.169095  0.039934
   0.1715       0.1  0.928892   0.29331     0.362  0.169095  0.039934
   0.1715       0.1  0.928892   0.29331     0.362  0.169095  0.039934
   0.1715       0.1  0.928892   0.29331     0.362  0.169095  0.039934
   0.1715       0.1  0.928892   0.29331     0.362  0.169095  0.039934
   0.1715       0.1  0.928892   0.29331     0.362  0.169095  0.039934
   0.1715       0.1  0.928892   0.29331     0.362  0.169095  0.039934
   0.1715       0.1  0.928892   0.29331     0.362  0.169095  0.039934
   0.1715       0.1  0.928892   0.29331     0.362  0.169095  0.039934
   0.1715       0.1  0.928892   0.29331     0.362  0.169095  0.039934
 0.129062       0.1   0.93387  0.278481   0.29123  0.169516 0.0253931
 0.129062       0.1   0.93387  0.278481   0.29123  0.169516 0.0253931
 0.129062       0.1   0.93387  0.278481   0.29123  0.169516 0.0253931
 0.129062       0.1   0.93387  0.278481   0.29123  0.169516 0.0253931
 0.129062       0.1   0.93387  0.278481   0.29123  0.169516 0.0253931
 0.129062       0.1   0.93387  0.278481   0.29123  0.169516 0.0253931
 0.129062       0.1   0.93387  0.278481   0.29123  0.169516 0.0253931
 0.129062       0.1   0.93387  0.278481   0.29123  0.169516 0.0253931
 0.129062       0.1   0.93387  0.278481   0.29123  0.169516 0.0253931
 0.129062       0.1   0.93387  0.278481   0.29123  0.169516 0.0253931
 0.129062       0.1   0.93387  0.278481   0.29123  0.169516 0.0253931
 0.129062       0.1   0.93387  0.278481   0.29123  0.169516 0.0253931
 0.129062       0.1   0.93387  0.278481   0.29123  0.169516 0.0253931
 0.129062       0.1   0.93387  0.278481   0.29123  0.169516 0.0253931
 0.129062       0.1   0.93387  0.278481   0.29123  0.169516 0.0253931
 0.129062       0.1   0.93387  0.278481   0.29123  0.169516 0.0253931
 0.129062       0.1   0.93387  0.278481   0.29123  0.169516 0.0253931
 0.129062       0.1   0.93387  0.278481   0.29123  0.169516 0.0253931
 0.129062       0.1   0.93387  0.278481   0.29123  0.169516 0.0253931
 0.129062       0.1   0.93387  0.278481   0.29123  0.169516 0.0253931
 0.129062       0.1   0.93387  0.278481   0.29123  0.169516 0.0253931
 0.129062       0.1   0.93387  0.278481   0.29123  0.169516 0.0253931
 0.129062       0.1   0.93387  0.278481   0.29123  0.169516 0.0253931
 0.129062       0.1   0.93387  0.278481   0.29123  0.169516 0.0253931
 0.129062       0.1   0.93387  0.278481   0.29123  0.169516 0.0253931
 0.129062       0.1   0.93387  0.278481   0.29123  0.169516 0.0253931
 0.129062       0.1   0.93387  0.278481   0.29123  0.169516 0.0253931
 0.129062       0.1   0.93387  0.278481   0.29123  0.169516 0.0253931
 0.129062       0.1   0.93387  0.278481   0.29123  0.169516 0.0253931
 0.129062       0.1   0.93387  0.278481   0.29123  0.169516 0.0253931
 0.129062       0.1   0.93387  0.278481   0.29123  0.169516 0.0253931
 0.129062       0.1   0.93387  0.278481   0.29123  0.169516 0.0253931
 0.129062       0.1   0.93387  0.278481   0.29123  0.169516 0.0253931
 0.129062       0.1   0.93387  0.278481   0.29123  0.169516 0.0253931
 0.129062       0.1   0.93387  0.278481   0.29123  0.169516 0.0253931
 0.129062       0.1   0.93387  0.278481   0.29123  0.169516 0.0253931
 0.129062       0.1   0.93387  0.278481   0.29123  0.169516 0.0253931
 0.129062       0.1   0.93387  0.278481   0.29123  0.169516 0.0253931
 0.129062       0.1   0.93387  0.278481   0.29123  0.169516 0.0253931
 0.129062       0.1   0.93387  0.278481   0.29123  0.169516 0.0253931
 0.129062       0.1   0.93387  0.278481   0.29123  0.169516 0.0253931
 0.129062       0.1   0.93387  0.278481   0.29123  0.169516 0.0253931
 0.129062       0.1   0.93387  0.278481   0.29123  0.169516 0.0253931
 0.130485       0.1  0.931963  0.273184  0.276199  0.168885 0.0251591
 0.130485       0.1  0.931963  0.273184  0.276199  0.168885 0.0251591
 0.130485       0.1  0.931963  0.273184  0.276199  0.168885 0.0251591
 0.130485       0.1  0.931963  0.273184  0.276199  0.168885 0.0251591
 0.130485       0.1  0.931963  0.273184  0.276199  0.168885 0.0251591
 0.130485       0.1  0.931963  0.273184  0.276199  0.168885 0.0251591
 0.130485       0.1  0.931963  0.273184  0.276199  0.168885 0.0251591
 0.130485       0.1  0.931963  0.273184  0.276199  0.168885 0.0251591
 0.130485       0.1  0.931963  0.273184  0.276199  0.168885 0.0251591
 0.130485       0.1  0.931963  0.273184  0.276199  0.168885 0.0251591
 0.130485       0.1  0.931963  0.273184  0.276199  0.168885 0.0251591
 0.130485       0.1  0.931963  0.273184  0.276199  0.168885 0.0251591
 0.130485       0.1  0.931963  0.273184  0.276199  0.168885 0.0251591
 0.130485       0.1  0.931963  0.273184  0.276199  0.168885 0.0251591
 0.130485       0.1  0.931963  0.273184  0.276199  0.168885 0.0251591
 0.130485       0.1  0.931963  0.273184  0.276199  0.168885 0.0251591
 0.130485       0.1  0.931963  0.273184  0.276199  0.168885 0.0251591
 0.130485       0.1  0.931963  0.273184  0.276199  0.168885 0.0251591
 0.122865       0.1  0.933174  0.272831  0.278044  0.169079 0.0237556
 0.122865       0.1  0.933174  0.272831  0.278044  0.169079 0.0237556
 0.122865       0.1  0.933174  0.272831  0.278044  0.169079 0.0237556
 0.122865       0.1  0.933174  0.272831  0.278044  0.169079 0.0237556
 0.122865       0.1  0.933174  0.272831  0.278044  0.169079 0.0237556
 0.122865       0.1  0.933174  0.272831  0.278044  0.169079 0.0237556
 0.122865       0.1  0.933174  0.272831  0.278044  0.169079 0.0237556
 0.122865       0.1  0.933174  0.272831  0.278044  0.169079 0.0237556
 0.122865       0.1  0.933174  0.272831  0.278044  0.169079 0.0237556
 0.122865       0.1  0.933174  0.272831  0.278044  0.169079 0.0237556
 0.122865       0.1  0.933174  0.272831  0.278044  0.169079 0.0237556
 0.122865       0.1  0.933174  0.272831  0.278044  0.169079 0.0237556
 0.122865       0.1  0.933174  0.272831  0.278044  0.169079 0.0237556
 0.122865       0.1  0.933174  0.272831  0.278044  0.169079 0.0237556
 0.122865       0.1  0.933174  0.272831  0.278044  0.169079 0.0237556
 0.122865       0.1  0.933174  0.272831  0.278044  0.169079 0.0237556
 0.122865       0.1  0.933174  0.272831  0.278044  0.169079 0.0237556
 0.122865       0.1  0.933174  0.272831  0.278044  0.169079 0.0237556
 0.122865       0.1  0.933174  0.272831  0.278044  0.169079 0.0237556
 0.122865       0.1  0.933174  0.272831  0.278044  0.169079 0.0237556
 0.122865       0.1  0.933174  0.272831  0.278044  0.169079 0.0237556
 0.122865       0.1  0.933174  0.272831  0.278044  0.169079 0.0237556
 0.122865       0.1  0.933174  0.272831  0.278044  0.169079 0.0237556
 0.122865       0.1  0.933174  0.272831  0.278044  0.169079 0.0237556
 0.122865       0.1  0.933174  0.272831  0.278044  0.169079 0.0237556
 0.122865       0.1  0.933174  0.272831  0.278044  0.169079 0.0237556
 0.122865       0.1  0.933174  0.272831  0.278044  0.169079 0.0237556
 0.122865       0.1  0.933174  0.272831  0.278044  0.169079 0.0237556
 0.122865       0.1  0.933174  0.272831  0.278044  0.169079 0.0237556
 0.122865       0.1  0.933174  0.272831  0.278044  0.169079 0.0237556
 0.122865       0.1  0.933174  0.272831  0.278044  0.169079 0.0237556
 0.122865       0.1  0.933174  0.272831  0.278044  0.169079 0.0237556
 0.122865       0.1  0.933174  0.272831  0.278044  0.169079 0.0237556
 0.122865       0.1  0.933174  0.272831  0.278044  0.169079 0.0237556
 0.122865       0.1  0.933174  0.272831  0.278044  0.169079 0.0237556
 0.122865       0.1  0.933174  0.272831  0.278044  0.169079 0.0237556
 0.122865       0.1  0.933174  0.272831  0.278044  0.169079 0.0237556
 0.122865       0.1  0.933174  0.272831  0.278044  0.169079 0.0237556
 0.122865       0.1  0.933174  0.272831  0.278044  0.169079 0.0237556
 0.112082       0.1  0.935821  0.273203   0.29432  0.170969 0.0235776
 0.112082       0.1  0.935821  0.273203   0.29432  0.170969 0.0235776
 0.112082       0.1  0.935821  0.273203   0.29432  0.170969 0.0235776
 0.112082       0.1  0.935821  0.273203   0.29432  0.170969 0.0235776
 0.112082       0.1  0.935821  0.273203   0.29432  0.170969 0.0235776
