USING NONMIXED MOMENTS!!
nRuns:1
Using two part PSO Sample Size:5000 with:12 moments.
Using Times:0.5   2  10  20  30
Bounds for Uniform Distribution (0,1)
Blind PSO --> nParts:1 Nsteps:1
Targeted PSO --> nParts:1 Nsteps:2
sdbeta:0.1
Reading in data!
Using starting row of data:0 and 5000 data pts!
first row X0:260.559 2143.24 4.86708 4.95832 65.2493 4.94309
final row X0:123.826 1849.08 5.06107  6.0168   161.9  5.1619



Loading in Truk!
Calculating Yt!
truk cost:7.88056e+09
XtmVec:    1.37912     1764.79      209.23     14.3126      119.13      90.372     2.57304 3.36816e+06     50334.9      420.63     20436.5     9018.41
XtmVec:    1.90806     1510.18     208.701     167.017     16.7024       192.8     20.3386 2.55883e+06     49970.4     49269.6     1877.33       41425
XtmVec:    75.3273     495.564     135.282      1238.9    0.544968     208.957     18625.3      552841     22178.1 1.79514e+06      27.305       50341
XtmVec:     152.32     117.445      58.289     1693.76    0.292279      209.21       33784      110785      4916.9 3.12755e+06     9.13011     50524.8
XtmVec:    166.692     40.5461     43.9171     1784.99    0.258854     209.244     35613.4     34679.4      2455.1 3.44467e+06     7.20885     50550.5
seedk: 0.1  0.1 0.95 0.17 0.05 0.18| cost:7.88056e+09
PSO begins!
current: 0.1  0.1 0.95 0.17 0.05 0.18 7.88056e+09
GBMAT from blind PSO:

        0.1         0.1        0.95        0.17        0.05        0.18 7.88056e+09
        0.1         0.1        0.95        0.17        0.05        0.18 7.88056e+09

truk:  0.1  0.1 0.95 0.17 0.05 0.18
total difference b/w truk and final GBVEC0

blind PSO FINISHED RUNNING IN 29 s TIME!
targeted PSO has started!
Updating Weight Matrix!
GBVEC AND COST:        0.1         0.1        0.95        0.17        0.05        0.18 7.88056e+09
Weights Before Inversion:
     1.41372     -501.486            0            0            0            0            0            0            0            0            0            0
    -501.486       529600     -10371.4            0            0            0            0            0            0            0            0            0
           0     -10371.4      13094.3      1605.15            0            0            0            0            0            0            0            0
           0            0      1605.15      431.552     -1340.91            0            0            0            0            0            0            0
           0            0            0     -1340.91      12369.8     -290.145            0            0            0            0            0            0
           0            0            0            0     -290.145      1663.22      147.741            0            0            0            0            0
           0            0            0            0            0      147.741      61.3102 -6.65726e+06            0            0            0            0
           0            0            0            0            0            0 -6.65726e+06  8.37747e+12  -1.6388e+10            0            0            0
           0            0            0            0            0            0            0  -1.6388e+10  3.74426e+09  7.53735e+07            0            0
           0            0            0            0            0            0            0            0  7.53735e+07  4.68301e+06 -1.40943e+07            0
           0            0            0            0            0            0            0            0            0 -1.40943e+07  1.97208e+09 -1.12556e+07
           0            0            0            0            0            0            0            0            0            0 -1.12556e+07  7.77137e+07
Weights:
     1.09422    0.0010906   0.00278112   -0.0156409  -0.00170461 -0.000388485   0.00102581  8.25739e-10  5.40332e-09 -8.88803e-08 -6.35746e-10  -9.2078e-11
   0.0010906  3.07445e-06  7.84013e-06 -4.40925e-05  -4.8054e-06 -1.09516e-06  2.89181e-06  2.32781e-12  1.52323e-11 -2.50559e-10  -1.7922e-12 -2.59573e-13
  0.00278112  7.84013e-06  0.000265871  -0.00149525 -0.000162959 -3.71387e-05  9.80657e-05  7.89396e-11   5.1655e-10 -8.49684e-09 -6.07765e-11 -8.80254e-12
  -0.0156409 -4.40925e-05  -0.00149525    0.0119129   0.00129832   0.00029589 -0.000781306 -6.28925e-10 -4.11545e-09  6.76958e-08  4.84216e-10  7.01313e-11
 -0.00170461  -4.8054e-06 -0.000162959   0.00129832  0.000222773  5.07705e-05 -0.000134061 -1.07914e-10 -7.06151e-10  1.16156e-08  8.30845e-11  1.20335e-11
-0.000388485 -1.09516e-06 -3.71387e-05   0.00029589  5.07705e-05   0.00079705  -0.00210463 -1.69416e-09 -1.10859e-08  1.82354e-07  1.30435e-09  1.88915e-10
  0.00102581  2.89181e-06  9.80657e-05 -0.000781306 -0.000134061  -0.00210463      0.02343  1.88604e-08  1.23415e-07 -2.03008e-06 -1.45208e-08 -2.10312e-09
 8.25739e-10  2.32781e-12  7.89396e-11 -6.28925e-10 -1.07914e-10 -1.69416e-09  1.88604e-08  1.36098e-13  8.90571e-13 -1.46492e-11 -1.04783e-13 -1.51762e-14
 5.40332e-09  1.52323e-11   5.1655e-10 -4.11545e-09 -7.06151e-10 -1.10859e-08  1.23415e-07  8.90571e-13   4.0512e-10  -6.6639e-09 -4.76658e-11 -6.90366e-12
-8.88803e-08 -2.50559e-10 -8.49684e-09  6.76958e-08  1.16156e-08  1.82354e-07 -2.03008e-06 -1.46492e-11  -6.6639e-09  3.27852e-07  2.34507e-09  3.39647e-10
-6.35746e-10  -1.7922e-12 -6.07765e-11  4.84216e-10  8.30845e-11  1.30435e-09 -1.45208e-08 -1.04783e-13 -4.76658e-11  2.34507e-09  5.24271e-10  7.59326e-11
 -9.2078e-11 -2.59573e-13 -8.80254e-12  7.01313e-11  1.20335e-11  1.88915e-10 -2.10312e-09 -1.51762e-14 -6.90366e-12  3.39647e-10  7.59326e-11  1.28787e-08
Weights Before Inversion:
     51.2297     -1563.84            0            0            0            0            0            0            0            0            0            0
    -1563.84       579898     -26647.6            0            0            0            0            0            0            0            0            0
           0     -26647.6      12759.9      20119.6            0            0            0            0            0            0            0            0
           0            0      20119.6      42168.1     -4743.24            0            0            0            0            0            0            0
           0            0            0     -4743.24      3482.06      907.652            0            0            0            0            0            0
           0            0            0            0      907.652      8155.42      1030.66            0            0            0            0            0
           0            0            0            0            0      1030.66  2.55173e+06 -1.60099e+08            0            0            0            0
           0            0            0            0            0            0 -1.60099e+08  6.82419e+12 -3.53198e+10            0            0            0
           0            0            0            0            0            0            0 -3.53198e+10  3.53509e+09   6.3793e+09            0            0
           0            0            0            0            0            0            0            0   6.3793e+09  1.48537e+10 -1.88181e+08            0
           0            0            0            0            0            0            0            0            0 -1.88181e+08  3.33441e+08  5.04177e+07
           0            0            0            0            0            0            0            0            0            0  5.04177e+07  1.67718e+09
Weights:
     0.10697   0.00286477    0.0560647   -0.0317621   -0.0445589   0.00495941 -2.00699e-06 -6.16071e-11 -2.80581e-09  1.21374e-09  6.88116e-10 -2.06854e-11
  0.00286477  9.38468e-05   0.00183662  -0.00104049   -0.0014597  0.000162465 -6.57469e-08 -2.01818e-12 -9.19151e-11  3.97608e-11  2.25419e-11 -6.77631e-13
   0.0560647   0.00183662    0.0366777   -0.0207789   -0.0291506   0.00324446 -1.31298e-06 -4.03036e-11 -1.83557e-09  7.94033e-10  4.50168e-10 -1.35325e-11
  -0.0317621  -0.00104049   -0.0207789       0.0118    0.0165541  -0.00184247  7.45619e-07  2.28877e-11  1.04239e-09 -4.50917e-10 -2.55642e-10  7.68483e-12
  -0.0445589   -0.0014597   -0.0291506    0.0165541    0.0235194  -0.00261771  1.05935e-06  3.25179e-11  1.48098e-09 -6.40645e-10 -3.63206e-10  1.09183e-11
  0.00495941  0.000162465   0.00324446  -0.00184247  -0.00261771  0.000413975 -1.67529e-07 -5.14251e-12 -2.34208e-10  1.01314e-10  5.74389e-11 -1.72667e-12
-2.00699e-06 -6.57469e-08 -1.31298e-06  7.45619e-07  1.05935e-06 -1.67529e-07  3.92714e-07  1.20548e-11   5.4902e-10 -2.37496e-10 -1.34646e-10  4.04757e-12
-6.16071e-11 -2.01818e-12 -4.03036e-11  2.28877e-11  3.25179e-11 -5.14251e-12  1.20548e-11  1.92102e-13  8.74903e-12 -3.78467e-12 -2.14567e-12  6.45009e-14
-2.80581e-09 -9.19151e-11 -1.83557e-09  1.04239e-09  1.48098e-09 -2.34208e-10   5.4902e-10  8.74903e-12  1.68792e-09 -7.30165e-10 -4.13958e-10   1.2444e-11
 1.21374e-09  3.97608e-11  7.94033e-10 -4.50917e-10 -6.40645e-10  1.01314e-10 -2.37496e-10 -3.78467e-12 -7.30165e-10  3.83666e-10  2.17515e-10  -6.5387e-12
 6.88116e-10  2.25419e-11  4.50168e-10 -2.55642e-10 -3.63206e-10  5.74389e-11 -1.34646e-10 -2.14567e-12 -4.13958e-10  2.17515e-10  3.13604e-09 -9.42722e-11
-2.06854e-11 -6.77631e-13 -1.35325e-11  7.68483e-12  1.09183e-11 -1.72667e-12  4.04757e-12  6.45009e-14   1.2444e-11  -6.5387e-12 -9.42722e-11  5.99071e-10
Weights Before Inversion:
     25678.5     -74105.4            0            0            0            0            0            0            0            0            0            0
    -74105.4       640089      18488.8            0            0            0            0            0            0            0            0            0
           0      18488.8      7722.56      5473.83            0            0            0            0            0            0            0            0
           0            0      5473.83       515954     -904.689            0            0            0            0            0            0            0
           0            0            0     -904.689      108.102      178.082            0            0            0            0            0            0
           0            0            0            0      178.082      12988.5      -301192            0            0            0            0            0
           0            0            0            0            0      -301192  3.12056e+09 -2.10224e+10            0            0            0            0
           0            0            0            0            0            0 -2.10224e+10  2.10161e+12  1.14227e+09            0            0            0
           0            0            0            0            0            0            0  1.14227e+09  6.22778e+08  9.21303e+09            0            0
           0            0            0            0            0            0            0            0  9.21303e+09  3.80607e+12 -1.20555e+08            0
           0            0            0            0            0            0            0            0            0 -1.20555e+08   1.4468e+07  2.68869e+07
           0            0            0            0            0            0            0            0            0            0  2.68869e+07  3.70599e+09
Weights:
 6.07665e-05  7.56214e-06 -1.82441e-05  1.96504e-07  1.68261e-06 -2.31252e-08 -2.39347e-12 -2.39666e-14  4.55913e-14 -1.10389e-16 -9.32386e-16  6.76446e-18
 7.56214e-06  2.62038e-06 -6.32182e-06  6.80914e-08  5.83046e-07 -8.01321e-09 -8.29369e-13 -8.30476e-15   1.5798e-14 -3.82512e-17 -3.23085e-16  2.34398e-18
-1.82441e-05 -6.32182e-06  0.000145739 -1.56973e-06 -1.34411e-05  1.84731e-07  1.91197e-11  1.91452e-13 -3.64196e-13  8.81815e-16  7.44816e-15 -5.40365e-17
 1.96504e-07  6.80914e-08 -1.56973e-06  1.98461e-06  1.69936e-05 -2.33555e-07  -2.4173e-11 -2.42052e-13  4.60452e-13 -1.11488e-15  -9.4167e-15  6.83182e-17
 1.68261e-06  5.83046e-07 -1.34411e-05  1.69936e-05   0.00961031 -0.000132081 -1.36704e-08 -1.36887e-10  2.60397e-10 -6.30491e-13 -5.32538e-12  3.86357e-14
-2.31252e-08 -8.01321e-09  1.84731e-07 -2.33555e-07 -0.000132081  7.89916e-05  8.17565e-09  8.18656e-11 -1.55732e-10  3.77068e-13  3.18486e-12 -2.31062e-14
-2.39347e-12 -8.29369e-13  1.91197e-11  -2.4173e-11 -1.36704e-08  8.17565e-09  3.44482e-10  3.44942e-12 -6.56177e-12  1.58878e-14  1.34195e-13 -9.73582e-16
-2.39666e-14 -8.30476e-15  1.91452e-13 -2.42052e-13 -1.36887e-10  8.18656e-11  3.44942e-12  5.10859e-13 -9.71799e-13  2.35298e-15  1.98742e-14 -1.44188e-16
 4.55913e-14   1.5798e-14 -3.64196e-13  4.60452e-13  2.60397e-10 -1.55732e-10 -6.56177e-12 -9.71799e-13  1.66721e-09 -4.03675e-12  -3.4096e-11  2.47367e-13
-1.10389e-16 -3.82512e-17  8.81815e-16 -1.11488e-15 -6.30491e-13  3.77068e-13  1.58878e-14  2.35298e-15 -4.03675e-12  2.72583e-13  2.30234e-12 -1.67035e-14
-9.32386e-16 -3.23085e-16  7.44816e-15  -9.4167e-15 -5.32538e-12  3.18486e-12  1.34195e-13  1.98742e-14  -3.4096e-11  2.30234e-12  7.00819e-08 -5.08445e-10
 6.76446e-18  2.34398e-18 -5.40365e-17  6.83182e-17  3.86357e-14 -2.31062e-14 -9.73582e-16 -1.44188e-16  2.47367e-13 -1.67035e-14 -5.08445e-10  2.73523e-10
Weights Before Inversion:
       21207     -35408.6            0            0            0            0            0            0            0            0            0            0
    -35408.6       204741      14071.6            0            0            0            0            0            0            0            0            0
           0      14071.6      3106.49     -3952.91            0            0            0            0            0            0            0            0
           0            0     -3952.91       533656     -592.167            0            0            0            0            0            0            0
           0            0            0     -592.167      49.5034      115.514            0            0            0            0            0            0
           0            0            0            0      115.514      13172.2      -518699            0            0            0            0            0
           0            0            0            0            0      -518699  3.07686e+09 -7.73594e+09            0            0            0            0
           0            0            0            0            0            0 -7.73594e+09  4.38735e+11  1.98492e+09            0            0            0
           0            0            0            0            0            0            0  1.98492e+09  9.69495e+07 -1.45087e+08            0            0
           0            0            0            0            0            0            0            0 -1.45087e+08  7.00412e+12 -1.42458e+08            0
           0            0            0            0            0            0            0            0            0 -1.42458e+08  5.31279e+06  2.05678e+07
           0            0            0            0            0            0            0            0            0            0  2.05678e+07  3.82923e+09
Weights:
 8.14592e-05   2.0546e-05  -9.3966e-05 -7.05591e-07 -8.61796e-06  7.61065e-08  1.34891e-11  2.62126e-13 -5.36688e-12 -1.11234e-16 -3.04599e-15  1.63608e-17
  2.0546e-05  1.23055e-05 -5.62784e-05 -4.22594e-07 -5.16149e-06  4.55819e-08  8.07894e-12  1.56993e-13 -3.21434e-12 -6.66206e-17 -1.82431e-15  9.79884e-18
 -9.3966e-05 -5.62784e-05  0.000582398  4.37322e-06  5.34138e-05 -4.71705e-07  -8.3605e-11 -1.62465e-12  3.32637e-11  6.89425e-16  1.88789e-14 -1.01403e-16
-7.05591e-07 -4.22594e-07  4.37322e-06  1.93245e-06  2.36026e-05 -2.08438e-07 -3.69436e-11 -7.17902e-13  1.46986e-11  3.04645e-16  8.34226e-15 -4.48084e-17
-8.61796e-06 -5.16149e-06  5.34138e-05  2.36026e-05    0.0209139 -0.000184694 -3.27352e-08 -6.36123e-10  1.30243e-08  2.69941e-13  7.39196e-12 -3.97041e-14
 7.61065e-08  4.55819e-08 -4.71705e-07 -2.08438e-07 -0.000184694  7.80818e-05  1.38392e-08  2.68929e-10 -5.50617e-09 -1.14121e-13 -3.12505e-12  1.67854e-14
 1.34891e-11  8.07894e-12  -8.3605e-11 -3.69436e-11 -3.27352e-08  1.38392e-08  3.44154e-10  6.68773e-12 -1.36927e-10 -2.83796e-15 -7.77136e-14   4.1742e-16
 2.62126e-13  1.56993e-13 -1.62465e-12 -7.17902e-13 -6.36123e-10  2.68929e-10  6.68773e-12  2.64192e-12 -5.40918e-11 -1.12111e-15    -3.07e-14  1.64897e-16
-5.36688e-12 -3.21434e-12  3.32637e-11  1.46986e-11  1.30243e-08 -5.50617e-09 -1.36927e-10 -5.40918e-11  1.14225e-08  2.36743e-13  6.48286e-12 -3.48211e-14
-1.11234e-16 -6.66206e-17  6.89425e-16  3.04645e-16  2.69941e-13 -1.14121e-13 -2.83796e-15 -1.12111e-15  2.36743e-13  1.42858e-13  3.91195e-12 -2.10121e-14
-3.04599e-15 -1.82431e-15  1.88789e-14  8.34226e-15  7.39196e-12 -3.12505e-12 -7.77136e-14    -3.07e-14  6.48286e-12  3.91195e-12  1.92329e-07 -1.03305e-09
 1.63608e-17  9.79884e-18 -1.01403e-16 -4.48084e-17 -3.97041e-14  1.67854e-14   4.1742e-16  1.64897e-16 -3.48211e-14 -2.10121e-14 -1.03305e-09  2.66698e-10
Weights Before Inversion:
     15677.2       -13340            0            0            0            0            0            0            0            0            0            0
      -13340      73025.9      4566.31            0            0            0            0            0            0            0            0            0
           0      4566.31      1078.14     -2204.12            0            0            0            0            0            0            0            0
           0            0     -2204.12       537336     -552.921            0            0            0            0            0            0            0
           0            0            0     -552.921       42.659      104.376            0            0            0            0            0            0
           0            0            0            0      104.376      13201.4      -490553            0            0            0            0            0
           0            0            0            0            0      -490553   2.8853e+09  -2.6917e+09            0            0            0            0
           0            0            0            0            0            0  -2.6917e+09  1.44608e+11  5.76258e+08            0            0            0
           0            0            0            0            0            0            0  5.76258e+08   2.0823e+07 -1.42004e+08            0            0
           0            0            0            0            0            0            0            0 -1.42004e+08  8.16811e+12 -1.70691e+08            0
           0            0            0            0            0            0            0            0            0 -1.70691e+08  4.40222e+06  1.92876e+07
           0            0            0            0            0            0            0            0            0            0  1.92876e+07  3.85097e+09
Weights:
 8.09574e-05  2.01789e-05 -8.61975e-05 -3.58452e-07 -4.73831e-06  3.77063e-08  6.53837e-12  1.36791e-13 -3.78602e-12  -6.5875e-17 -2.61153e-15  1.30799e-17
 2.01789e-05  2.37142e-05 -0.000101299 -4.21254e-07 -5.56847e-06  4.43125e-08   7.6839e-12  1.60757e-13 -4.44934e-12 -7.74164e-17 -3.06908e-15  1.53715e-17
-8.61975e-05 -0.000101299   0.00136819  5.68963e-06  7.52101e-05 -5.98503e-07 -1.03782e-10 -2.17125e-12  6.00947e-11  1.04562e-15  4.14523e-14 -2.07614e-16
-3.58452e-07 -4.21254e-07  5.68963e-06  1.91036e-06  2.52526e-05 -2.00954e-07  -3.4846e-11 -7.29022e-13  2.01774e-11  3.51078e-16  1.39181e-14 -6.97087e-17
-4.73831e-06 -5.56847e-06  7.52101e-05  2.52526e-05     0.024241 -0.000192904 -3.34501e-08 -6.99818e-10  1.93691e-08  3.37014e-13  1.33605e-11 -6.69162e-14
 3.77063e-08  4.43125e-08 -5.98503e-07 -2.00954e-07 -0.000192904  7.77761e-05  1.34866e-08  2.82156e-10 -7.80935e-09 -1.35879e-13 -5.38676e-12  2.69796e-14
 6.53837e-12   7.6839e-12 -1.03782e-10  -3.4846e-11 -3.34501e-08  1.34866e-08  3.55822e-10  7.44426e-12 -2.06038e-10 -3.58496e-15 -1.42121e-13  7.11815e-16
 1.36791e-13  1.60757e-13 -2.17125e-12 -7.29022e-13 -6.99818e-10  2.82156e-10  7.44426e-12  7.92824e-12 -2.19433e-10 -3.81803e-15 -1.51361e-13  7.58094e-16
-3.78602e-12 -4.44934e-12  6.00947e-11  2.01774e-11  1.93691e-08 -7.80935e-09 -2.06038e-10 -2.19433e-10  5.41029e-08  9.41365e-13  3.73193e-11 -1.86914e-13
 -6.5875e-17 -7.74164e-17  1.04562e-15  3.51078e-16  3.37014e-13 -1.35879e-13 -3.58496e-15 -3.81803e-15  9.41365e-13  1.22545e-13  4.85816e-12 -2.43321e-14
-2.61153e-15 -3.06908e-15  4.14523e-14  1.39181e-14  1.33605e-11 -5.38676e-12 -1.42121e-13 -1.51361e-13  3.73193e-11  4.85816e-12  2.32447e-07 -1.16421e-09
 1.30799e-17  1.53715e-17 -2.07614e-16 -6.97087e-17 -6.69162e-14  2.69796e-14  7.11815e-16  7.58094e-16 -1.86914e-13 -2.43321e-14 -1.16421e-09  2.65506e-10
New PBMAT:
0.0750262 0.0584405  0.963352   0.17839  0.037118  0.129817   1.63258

GBMAT after targeted PSO:
        0.1         0.1        0.95        0.17        0.05        0.18 7.88056e+09
        0.1         0.1        0.95        0.17        0.05        0.18 7.88056e+09
        0.1         0.1        0.95        0.17        0.05        0.18   0.0415632
        0.1         0.1        0.95        0.17        0.05        0.18   0.0415632
        0.1         0.1        0.95        0.17        0.05        0.18   0.0415632
truk:  0.1  0.1 0.95 0.17 0.05 0.18 with trukCost with new weights:0.0415632
CODE FINISHED RUNNING IN 54 s TIME!
Job Statistics for 2351239:
           JobID       User               Start                 End    Elapsed     MaxRSS   TotalCPU      State Exit        NodeList                                  ReqTRES 
---------------- ---------- ------------------- ------------------- ---------- ---------- ---------- ---------- ---- --------------- ---------------------------------------- 
         2351239   rsjxw007 2021-11-17T10:18:37 2021-11-17T10:19:32   00:00:55             00:56.252  COMPLETED  0:0   r1pl-hpcf-n23     billing=30,cpu=30,mem=234360M,node=1 
   2351239.batch            2021-11-17T10:18:37 2021-11-17T10:19:32   00:00:55      5.69M  00:56.251  COMPLETED  0:0   r1pl-hpcf-n23                                          
  2351239.extern            2021-11-17T10:18:37 2021-11-17T10:19:32   00:00:55          0  00:00.001  COMPLETED  0:0   r1pl-hpcf-n23                                          
CPU Efficiency: 3.39% of 00:27:30 core-walltime
