nRuns:1
Using two part PSO Sample Size:1250 with:27 moments.
Using Times: 2 10 20 30 40
Bounds for Uniform Distribution (0,1)
Blind PSO --> nParts:1 Nsteps:1
Targeted PSO --> nParts:1 Nsteps:2
sdbeta:0.1
Reading in data!
Using starting row of data:0 and 1250 data pts!
first row X0:260.559 2143.24 4.86708 4.95832 65.2493 4.94309
final row X0:249.987 2396.05 5.91041 5.47538  172.01 5.00391



Loading in Truk!
Calculating Yt!
truk cost:6.02991e+09
XtmVec:    1.82998     1533.91     208.843     166.962     18.2925     193.076      9.5826 2.64216e+06     50146.8     49826.6      2181.6     41565.9     2186.64     490.299     498.073     18.0742     363.659      307653      230022     31837.5      298339     45231.9     2660.04     41731.1     378.642     29794.2     4041.39
XtmVec:    73.6932     514.475      136.98     1240.75    0.779948     210.589     18540.1      588578       22726 1.80532e+06     69.3743       51273     1312.61     4935.47      122999     13.0764     14499.8     79435.2      461633     1071.14      117559      172213     79.8578     30180.2     285.375      249655     243.936
XtmVec:    151.054     125.176     59.6191      1707.1    0.472086     210.897     33692.6      123252     5190.63 3.18748e+06     29.1308     51481.7     595.905     6126.91      276986     24.5246     30451.3     14609.7      148369     522.567     32047.7      100079     35.2674     14261.9     285.389      351553     159.689
XtmVec:    166.524     45.3917     44.1493      1802.3    0.424099     210.945     35694.3     44548.1      2492.5 3.52224e+06     24.0232     51517.1     458.319     6475.09      311548     26.7734     33886.5     4299.04     53679.7     436.832       12708     78310.7     28.4729     10831.2     285.408      374396     144.552
XtmVec:    169.288      24.789     41.3853     1825.66    0.413326     210.955       35951     22985.8     2055.37 3.60652e+06     23.1249       51525     433.316     6565.31      317719     27.2258     34588.6     2081.62     28318.2     417.499     7502.19     74728.7     27.0758       10130     285.414      380319     141.068
seedk: 0.1  0.1 0.95 0.17 0.05 0.18| cost:6.02991e+09
PSO begins!
current: 0.1  0.1 0.95 0.17 0.05 0.18 6.02991e+09
GBMAT from blind PSO:

        0.1         0.1        0.95        0.17        0.05        0.18 6.02991e+09
        0.1         0.1        0.95        0.17        0.05        0.18 6.02991e+09

truk:  0.1  0.1 0.95 0.17 0.05 0.18
total difference b/w truk and final GBVEC0

blind PSO FINISHED RUNNING IN 13 s TIME!
targeted PSO has started!
Updating Weight Matrix!
GBVEC AND COST:        0.1         0.1        0.95        0.17        0.05        0.18 6.02991e+09
Weights:
      174766     -8764.43       8662.4     -8659.49      8656.98     -8655.79      8621.38    -0.157347     0.157296    -0.157266     0.157241    -0.156883     0.156832    -0.156733     0.156727    -0.156664    0.0375557  -0.00216443    0.0021634  -0.00216331   0.00215804  -0.00215513   0.00215454  -0.00215398   0.00215398 -5.65355e-09  5.58815e-09
    -8764.43      439.533     -434.416       434.27     -434.144      434.084     -432.359   0.00789089  -0.00788832   0.00788681  -0.00788555   0.00786763  -0.00786508   0.00786008   -0.0078598   0.00785664   -0.0018834  0.000108545 -0.000108493  0.000108489 -0.000108225  0.000108079 -0.000108049  0.000108021 -0.000108021  2.83523e-10 -2.80244e-10
      8662.4     -434.416      429.358     -429.214       429.09      -429.03      427.325  -0.00779902   0.00779649  -0.00779499   0.00779374  -0.00777604   0.00777351  -0.00776857   0.00776829  -0.00776517   0.00186147 -0.000107282   0.00010723 -0.000107226  0.000106965 -0.000106821  0.000106791 -0.000106764  0.000106764 -2.80222e-10  2.76981e-10
    -8659.49       434.27     -429.214       429.07     -428.946      428.886     -427.182    0.0077964  -0.00779387   0.00779237  -0.00779112   0.00777343   -0.0077709   0.00776596  -0.00776568   0.00776256  -0.00186085  0.000107246 -0.000107194   0.00010719 -0.000106929  0.000106785 -0.000106755  0.000106728 -0.000106728  2.80128e-10 -2.76888e-10
     8656.98     -434.144       429.09     -428.946      428.822     -428.762      427.058  -0.00779415   0.00779161  -0.00779012   0.00778887  -0.00777118   0.00776865  -0.00776371   0.00776344  -0.00776032   0.00186031 -0.000107215  0.000107163 -0.000107159  0.000106898 -0.000106754  0.000106724 -0.000106697  0.000106697 -2.80047e-10  2.76808e-10
    -8655.79      434.084      -429.03      428.886     -428.762      428.703     -426.999   0.00779307  -0.00779054   0.00778904  -0.00778779   0.00777011  -0.00776758   0.00776264  -0.00776237   0.00775925  -0.00186005    0.0001072 -0.000107149  0.000107144 -0.000106883  0.000106739  -0.00010671  0.000106682 -0.000106682  2.80008e-10  -2.7677e-10
     8621.38     -432.359      427.325     -427.182      427.058     -426.999      425.302   -0.0077621   0.00775957  -0.00775808   0.00775684  -0.00773922   0.00773671  -0.00773179   0.00773151  -0.00772841   0.00185266 -0.000106774  0.000106723 -0.000106718  0.000106458 -0.000106315  0.000106286 -0.000106258  0.000106258 -2.78896e-10   2.7567e-10
   -0.157347   0.00789089  -0.00779902    0.0077964  -0.00779415   0.00779307   -0.0077621  1.41664e-07 -1.41618e-07  1.41591e-07 -1.41568e-07  1.41247e-07 -1.41201e-07  1.41111e-07 -1.41106e-07  1.41049e-07 -3.38125e-08  1.94871e-09 -1.94777e-09  1.94769e-09 -1.94295e-09  1.94033e-09  -1.9398e-09   1.9393e-09  -1.9393e-09  5.09006e-15 -5.03119e-15
    0.157296  -0.00788832   0.00779649  -0.00779387   0.00779161  -0.00779054   0.00775957 -1.41618e-07  1.41572e-07 -1.41545e-07  1.41522e-07 -1.41201e-07  1.41155e-07 -1.41065e-07   1.4106e-07 -1.41004e-07  3.38015e-08 -1.94807e-09  1.94714e-09 -1.94706e-09  1.94232e-09  -1.9397e-09  1.93917e-09 -1.93867e-09  1.93867e-09 -5.08841e-15  5.02955e-15
   -0.157266   0.00788681  -0.00779499   0.00779237  -0.00779012   0.00778904  -0.00775808  1.41591e-07 -1.41545e-07  1.41518e-07 -1.41495e-07  1.41174e-07 -1.41128e-07  1.41038e-07 -1.41033e-07  1.40977e-07  -3.3795e-08   1.9477e-09 -1.94677e-09  1.94669e-09 -1.94194e-09  1.93933e-09 -1.93879e-09  1.93829e-09 -1.93829e-09  5.08743e-15 -5.02859e-15
    0.157241  -0.00788555   0.00779374  -0.00779112   0.00778887  -0.00778779   0.00775684 -1.41568e-07  1.41522e-07 -1.41495e-07  1.41473e-07 -1.41151e-07  1.41105e-07 -1.41016e-07  1.41011e-07 -1.40954e-07  3.37896e-08 -1.94739e-09  1.94645e-09 -1.94637e-09  1.94163e-09 -1.93901e-09  1.93848e-09 -1.93798e-09  1.93798e-09 -5.08662e-15  5.02778e-15
   -0.156883   0.00786763  -0.00777604   0.00777343  -0.00777118   0.00777011  -0.00773922  1.41247e-07 -1.41201e-07  1.41174e-07 -1.41151e-07  1.40831e-07 -1.40785e-07  1.40695e-07  -1.4069e-07  1.40634e-07 -3.37129e-08  1.94296e-09 -1.94203e-09  1.94195e-09 -1.93722e-09  1.93461e-09 -1.93408e-09  1.93358e-09 -1.93358e-09  5.07506e-15 -5.01636e-15
    0.156832  -0.00786508   0.00777351   -0.0077709   0.00776865  -0.00776758   0.00773671 -1.41201e-07  1.41155e-07 -1.41128e-07  1.41105e-07 -1.40785e-07  1.40739e-07  -1.4065e-07  1.40645e-07 -1.40588e-07  3.37019e-08 -1.94233e-09   1.9414e-09 -1.94132e-09  1.93659e-09 -1.93398e-09  1.93345e-09 -1.93295e-09  1.93295e-09 -5.07341e-15  5.01473e-15
   -0.156733   0.00786008  -0.00776857   0.00776596  -0.00776371   0.00776264  -0.00773179  1.41111e-07 -1.41065e-07  1.41038e-07 -1.41016e-07  1.40695e-07  -1.4065e-07  1.40561e-07 -1.40556e-07  1.40499e-07 -3.36806e-08   1.9411e-09 -1.94017e-09   1.9401e-09 -1.93537e-09  1.93276e-09 -1.93223e-09  1.93173e-09 -1.93173e-09   5.0702e-15 -5.01156e-15
    0.156727   -0.0078598   0.00776829  -0.00776568   0.00776344  -0.00776237   0.00773151 -1.41106e-07   1.4106e-07 -1.41033e-07  1.41011e-07  -1.4069e-07  1.40645e-07 -1.40556e-07  1.40551e-07 -1.40494e-07  3.36794e-08 -1.94104e-09  1.94011e-09 -1.94003e-09   1.9353e-09 -1.93269e-09  1.93216e-09 -1.93166e-09  1.93166e-09 -5.07003e-15  5.01138e-15
   -0.156664   0.00785664  -0.00776517   0.00776256  -0.00776032   0.00775925  -0.00772841  1.41049e-07 -1.41004e-07  1.40977e-07 -1.40954e-07  1.40634e-07 -1.40588e-07  1.40499e-07 -1.40494e-07  1.40438e-07 -3.36659e-08  1.94025e-09 -1.93933e-09  1.93925e-09 -1.93452e-09  1.93191e-09 -1.93138e-09  1.93089e-09 -1.93089e-09  5.06799e-15 -5.00937e-15
   0.0375557   -0.0018834   0.00186147  -0.00186085   0.00186031  -0.00186005   0.00185266 -3.38125e-08  3.38015e-08  -3.3795e-08  3.37896e-08 -3.37129e-08  3.37019e-08 -3.36806e-08  3.36794e-08 -3.36659e-08  2.80449e-08  -1.6163e-09  1.61553e-09 -1.61546e-09  1.61153e-09 -1.60935e-09  1.60891e-09  -1.6085e-09   1.6085e-09 -4.22182e-15  4.17298e-15
 -0.00216443  0.000108545 -0.000107282  0.000107246 -0.000107215    0.0001072 -0.000106774  1.94871e-09 -1.94807e-09   1.9477e-09 -1.94739e-09  1.94296e-09 -1.94233e-09   1.9411e-09 -1.94104e-09  1.94025e-09  -1.6163e-09  9.31558e-11 -9.31112e-11  9.31074e-11 -9.28806e-11  9.27554e-11 -9.27299e-11  9.27061e-11 -9.27061e-11  2.43325e-16 -2.40511e-16
   0.0021634 -0.000108493   0.00010723 -0.000107194  0.000107163 -0.000107149  0.000106723 -1.94777e-09  1.94714e-09 -1.94677e-09  1.94645e-09 -1.94203e-09   1.9414e-09 -1.94017e-09  1.94011e-09 -1.93933e-09  1.61553e-09 -9.31112e-11  9.30666e-11 -9.30629e-11  9.28361e-11  -9.2711e-11  9.26855e-11 -9.26617e-11  9.26617e-11 -2.43209e-16  2.40395e-16
 -0.00216331  0.000108489 -0.000107226   0.00010719 -0.000107159  0.000107144 -0.000106718  1.94769e-09 -1.94706e-09  1.94669e-09 -1.94637e-09  1.94195e-09 -1.94132e-09   1.9401e-09 -1.94003e-09  1.93925e-09 -1.61546e-09  9.31074e-11 -9.30629e-11  9.30591e-11 -9.28323e-11  9.27072e-11 -9.26818e-11   9.2658e-11 -9.26579e-11  2.43199e-16 -2.40386e-16
  0.00215804 -0.000108225  0.000106965 -0.000106929  0.000106898 -0.000106883  0.000106458 -1.94295e-09  1.94232e-09 -1.94194e-09  1.94163e-09 -1.93722e-09  1.93659e-09 -1.93537e-09   1.9353e-09 -1.93452e-09  1.61153e-09 -9.28806e-11  9.28361e-11 -9.28323e-11  9.26061e-11 -9.24813e-11  9.24559e-11 -9.24322e-11  9.24322e-11 -2.42606e-16    2.398e-16
 -0.00215513  0.000108079 -0.000106821  0.000106785 -0.000106754  0.000106739 -0.000106315  1.94033e-09  -1.9397e-09  1.93933e-09 -1.93901e-09  1.93461e-09 -1.93398e-09  1.93276e-09 -1.93269e-09  1.93191e-09 -1.60935e-09  9.27554e-11  -9.2711e-11  9.27072e-11 -9.24813e-11  9.23566e-11 -9.23313e-11  9.23076e-11 -9.23076e-11  2.42279e-16 -2.39477e-16
  0.00215454 -0.000108049  0.000106791 -0.000106755  0.000106724  -0.00010671  0.000106286  -1.9398e-09  1.93917e-09 -1.93879e-09  1.93848e-09 -1.93408e-09  1.93345e-09 -1.93223e-09  1.93216e-09 -1.93138e-09  1.60891e-09 -9.27299e-11  9.26855e-11 -9.26818e-11  9.24559e-11 -9.23313e-11   9.2306e-11 -9.22822e-11  9.22822e-11 -2.42213e-16  2.39411e-16
 -0.00215398  0.000108021 -0.000106764  0.000106728 -0.000106697  0.000106682 -0.000106258   1.9393e-09 -1.93867e-09  1.93829e-09 -1.93798e-09  1.93358e-09 -1.93295e-09  1.93173e-09 -1.93166e-09  1.93089e-09  -1.6085e-09  9.27061e-11 -9.26617e-11   9.2658e-11 -9.24322e-11  9.23076e-11 -9.22822e-11  9.22588e-11 -9.22588e-11  2.42151e-16  -2.3935e-16
  0.00215398 -0.000108021  0.000106764 -0.000106728  0.000106697 -0.000106682  0.000106258  -1.9393e-09  1.93867e-09 -1.93829e-09  1.93798e-09 -1.93358e-09  1.93295e-09 -1.93173e-09  1.93166e-09 -1.93089e-09   1.6085e-09 -9.27061e-11  9.26617e-11 -9.26579e-11  9.24322e-11 -9.23076e-11  9.22822e-11 -9.22588e-11  9.22587e-11 -2.42151e-16   2.3935e-16
-5.65355e-09  2.83523e-10 -2.80222e-10  2.80128e-10 -2.80047e-10  2.80008e-10 -2.78896e-10  5.09006e-15 -5.08841e-15  5.08743e-15 -5.08662e-15  5.07506e-15 -5.07341e-15   5.0702e-15 -5.07003e-15  5.06799e-15 -4.22182e-15  2.43325e-16 -2.43209e-16  2.43199e-16 -2.42606e-16  2.42279e-16 -2.42213e-16  2.42151e-16 -2.42151e-16  3.36414e-17 -3.32523e-17
 5.58815e-09 -2.80244e-10  2.76981e-10 -2.76888e-10  2.76808e-10  -2.7677e-10   2.7567e-10 -5.03119e-15  5.02955e-15 -5.02859e-15  5.02778e-15 -5.01636e-15  5.01473e-15 -5.01156e-15  5.01138e-15 -5.00937e-15  4.17298e-15 -2.40511e-16  2.40395e-16 -2.40386e-16    2.398e-16 -2.39477e-16  2.39411e-16  -2.3935e-16   2.3935e-16 -3.32523e-17  3.32312e-17
Weights:
     17279.1     -17209.4      16502.9     -16502.5      16502.1     -16232.5      98.5963     -95.7236      95.7212     -90.0786      90.0773     -62.3071      62.2904     -54.4641       33.905     -33.8829    0.0244233   -0.0242983    0.0242539   -0.0242523    0.0239009   -0.0238909    0.0238524  -0.00647138   0.00645774 -5.73731e-06  5.73602e-06
    -17209.4        17140     -16436.3        16436     -16435.5        16167     -98.1987      95.3376     -95.3352      89.7153     -89.7141      62.0559     -62.0392      54.2445     -33.7682      33.7462   -0.0243248    0.0242003   -0.0241561    0.0241545   -0.0238046    0.0237946   -0.0237562   0.00644528   -0.0064317  5.71417e-06 -5.71289e-06
     16502.9     -16436.3      15761.6     -15761.2      15760.8     -15503.3      94.1674     -91.4237      91.4215     -86.0323      86.0311     -59.5083      59.4923     -52.0176       32.382     -32.3609    0.0233262   -0.0232068    0.0231645   -0.0231629    0.0228273   -0.0228178     0.022781  -0.00618069   0.00616767 -5.47959e-06  5.47836e-06
    -16502.5        16436     -15761.2      15760.9     -15760.5        15503     -94.1652      91.4216     -91.4193      86.0303     -86.0291      59.5069     -59.4909      52.0164     -32.3812      32.3601   -0.0233257    0.0232063   -0.0231639    0.0231624   -0.0228268    0.0228172   -0.0227804   0.00618054  -0.00616752  5.47947e-06 -5.47823e-06
     16502.1     -16435.5      15760.8     -15760.5      15760.1     -15502.6      94.1629     -91.4193       91.417     -86.0281      86.0269     -59.5055      59.4894     -52.0151      32.3804     -32.3593    0.0233251   -0.0232057    0.0231633   -0.0231618    0.0228262   -0.0228167    0.0227799  -0.00618039   0.00616737 -5.47933e-06   5.4781e-06
    -16232.5        16167     -15503.3        15503     -15502.6      15249.3     -92.6244      89.9256     -89.9234      84.6226     -84.6213      58.5332     -58.5175      51.1653     -31.8513      31.8306    -0.022944    0.0228265   -0.0227849    0.0227833   -0.0224533    0.0224439   -0.0224077   0.00607941   -0.0060666   5.3898e-06 -5.38859e-06
     98.5963     -98.1987      94.1674     -94.1652      94.1629     -92.6244     0.562602     -0.54621     0.546196    -0.513999     0.513992    -0.355532     0.355436    -0.310779     0.193466     -0.19334  0.000139362 -0.000138649  0.000138396 -0.000138386  0.000136382 -0.000136324  0.000136105 -3.69264e-05  3.68486e-05 -3.27378e-08  3.27304e-08
    -95.7236      95.3376     -91.4237      91.4216     -91.4193      89.9256     -0.54621     0.530295    -0.530282     0.499023    -0.499016     0.345173     -0.34508     0.301724    -0.187829     0.187706 -0.000135302  0.000134609 -0.000134363  0.000134354 -0.000132408  0.000132353 -0.000132139  3.58505e-05  -3.5775e-05  3.17839e-08 -3.17768e-08
     95.7212     -95.3352      91.4215     -91.4193       91.417     -89.9234     0.546196    -0.530282     0.530269    -0.499011     0.499003    -0.345164     0.345071    -0.301716     0.187824    -0.187702  0.000135298 -0.000134606   0.00013436 -0.000134351  0.000132405 -0.000132349  0.000132136 -3.58497e-05  3.57741e-05 -3.17831e-08   3.1776e-08
    -90.0786      89.7153     -86.0323      86.0303     -86.0281      84.6226    -0.513999     0.499023    -0.499011     0.469595    -0.469588     0.324817     -0.32473     0.283931    -0.176752     0.176637 -0.000127323  0.000126671  -0.00012644  0.000126431   -0.0001246  0.000124547 -0.000124347  3.37364e-05 -3.36653e-05  2.99096e-08 -2.99028e-08
     90.0773     -89.7141      86.0311     -86.0291      86.0269     -84.6213     0.513992    -0.499016     0.499003    -0.469588     0.469581    -0.324813     0.324725    -0.283927      0.17675    -0.176634  0.000127321 -0.000126669  0.000126438 -0.000126429  0.000124598 -0.000124546  0.000124345 -3.37359e-05  3.36648e-05 -2.99091e-08  2.99024e-08
    -62.3071      62.0559     -59.5083      59.5069     -59.5055      58.5332    -0.355532     0.345173    -0.345164     0.324817    -0.324813     0.224675    -0.224615     0.196394    -0.122259     0.122179 -8.80689e-05   8.7618e-05 -8.74581e-05  8.74522e-05 -8.61852e-05  8.61492e-05 -8.60102e-05  2.33354e-05 -2.32862e-05  2.06884e-08 -2.06837e-08
     62.2904     -62.0392      59.4923     -59.4909      59.4894     -58.5175     0.355436     -0.34508     0.345071     -0.32473     0.324725    -0.224615     0.224554    -0.196341     0.122226    -0.122146  8.80452e-05 -8.75944e-05  8.74346e-05 -8.74286e-05   8.6162e-05  -8.6126e-05  8.59871e-05 -2.33291e-05  2.32799e-05 -2.06828e-08  2.06781e-08
    -54.4641      54.2445     -52.0176      52.0164     -52.0151      51.1653    -0.310779     0.301724    -0.301716     0.283931    -0.283927     0.196394    -0.196341     0.171673     -0.10687       0.1068 -7.69831e-05  7.65889e-05 -7.64492e-05   7.6444e-05 -7.53365e-05   7.5305e-05 -7.51836e-05   2.0398e-05  -2.0355e-05  1.80842e-08 -1.80801e-08
      33.905     -33.7682       32.382     -32.3812      32.3804     -31.8513     0.193466    -0.187829     0.187824    -0.176752      0.17675    -0.122259     0.122226     -0.10687    0.0665283   -0.0664849  4.79234e-05 -4.76781e-05  4.75911e-05 -4.75879e-05  4.68984e-05 -4.68788e-05  4.68032e-05 -1.26981e-05  1.26714e-05 -1.12577e-08  1.12552e-08
    -33.8829      33.7462     -32.3609      32.3601     -32.3593      31.8306     -0.19334     0.187706    -0.187702     0.176637    -0.176634     0.122179    -0.122146       0.1068   -0.0664849    0.0664416 -4.78922e-05   4.7647e-05 -4.75601e-05  4.75568e-05 -4.68678e-05  4.68482e-05 -4.67727e-05  1.26899e-05 -1.26631e-05  1.12504e-08 -1.12479e-08
   0.0244233   -0.0243248    0.0233262   -0.0233257    0.0233251    -0.022944  0.000139362 -0.000135302  0.000135298 -0.000127323  0.000127321 -8.80689e-05  8.80452e-05 -7.69831e-05  4.79234e-05 -4.78922e-05  3.45219e-08 -3.43452e-08  3.42825e-08 -3.42802e-08  3.37836e-08 -3.37694e-08   3.3715e-08 -9.14719e-09  9.12791e-09 -8.10959e-12  8.10777e-12
  -0.0242983    0.0242003   -0.0232068    0.0232063   -0.0232057    0.0228265 -0.000138649  0.000134609 -0.000134606  0.000126671 -0.000126669   8.7618e-05 -8.75944e-05  7.65889e-05 -4.76781e-05   4.7647e-05 -3.43452e-08  3.41694e-08  -3.4107e-08  3.41047e-08 -3.36106e-08  3.35965e-08 -3.35424e-08  9.10035e-09 -9.08118e-09  8.06807e-12 -8.06626e-12
   0.0242539   -0.0241561    0.0231645   -0.0231639    0.0231633   -0.0227849  0.000138396 -0.000134363   0.00013436  -0.00012644  0.000126438 -8.74581e-05  8.74346e-05 -7.64492e-05  4.75911e-05 -4.75601e-05  3.42825e-08  -3.4107e-08  3.40448e-08 -3.40425e-08  3.35493e-08 -3.35352e-08  3.34812e-08 -9.08375e-09  9.06461e-09 -8.05335e-12  8.05154e-12
  -0.0242523    0.0241545   -0.0231629    0.0231624   -0.0231618    0.0227833 -0.000138386  0.000134354 -0.000134351  0.000126431 -0.000126429  8.74522e-05 -8.74286e-05   7.6444e-05 -4.75879e-05  4.75568e-05 -3.42802e-08  3.41047e-08 -3.40425e-08  3.40402e-08  -3.3547e-08   3.3533e-08 -3.34789e-08  9.08313e-09   -9.064e-09  8.05281e-12   -8.051e-12
   0.0239009   -0.0238046    0.0228273   -0.0228268    0.0228262   -0.0224533  0.000136382 -0.000132408  0.000132405   -0.0001246  0.000124598 -8.61852e-05   8.6162e-05 -7.53365e-05  4.68984e-05 -4.68678e-05  3.37836e-08 -3.36106e-08  3.35493e-08  -3.3547e-08   3.3061e-08 -3.30472e-08  3.29939e-08 -8.95154e-09  8.93268e-09 -7.93614e-12  7.93435e-12
  -0.0238909    0.0237946   -0.0228178    0.0228172   -0.0228167    0.0224439 -0.000136324  0.000132353 -0.000132349  0.000124547 -0.000124546  8.61492e-05  -8.6126e-05   7.5305e-05 -4.68788e-05  4.68482e-05 -3.37694e-08  3.35965e-08 -3.35352e-08   3.3533e-08 -3.30472e-08  3.30333e-08 -3.29801e-08   8.9478e-09 -8.92894e-09  7.93282e-12 -7.93104e-12
   0.0238524   -0.0237562     0.022781   -0.0227804    0.0227799   -0.0224077  0.000136105 -0.000132139  0.000132136 -0.000124347  0.000124345 -8.60102e-05  8.59871e-05 -7.51836e-05  4.68032e-05 -4.67727e-05   3.3715e-08 -3.35424e-08  3.34812e-08 -3.34789e-08  3.29939e-08 -3.29801e-08  3.29269e-08 -8.93336e-09  8.91454e-09 -7.92002e-12  7.91824e-12
 -0.00647138   0.00644528  -0.00618069   0.00618054  -0.00618039   0.00607941 -3.69264e-05  3.58505e-05 -3.58497e-05  3.37364e-05 -3.37359e-05  2.33354e-05 -2.33291e-05   2.0398e-05 -1.26981e-05  1.26899e-05 -9.14719e-09  9.10035e-09 -9.08375e-09  9.08313e-09 -8.95154e-09   8.9478e-09 -8.93336e-09  2.42388e-09 -2.41877e-09  2.14893e-12 -2.14845e-12
  0.00645774   -0.0064317   0.00616767  -0.00616752   0.00616737   -0.0060666  3.68486e-05  -3.5775e-05  3.57741e-05 -3.36653e-05  3.36648e-05 -2.32862e-05  2.32799e-05  -2.0355e-05  1.26714e-05 -1.26631e-05  9.12791e-09 -9.08118e-09  9.06461e-09   -9.064e-09  8.93268e-09 -8.92894e-09  8.91454e-09 -2.41877e-09  2.41367e-09  -2.1444e-12  2.14392e-12
-5.73731e-06  5.71417e-06 -5.47959e-06  5.47947e-06 -5.47933e-06   5.3898e-06 -3.27378e-08  3.17839e-08 -3.17831e-08  2.99096e-08 -2.99091e-08  2.06884e-08 -2.06828e-08  1.80842e-08 -1.12577e-08  1.12504e-08 -8.10959e-12  8.06807e-12 -8.05335e-12  8.05281e-12 -7.93614e-12  7.93282e-12 -7.92002e-12  2.14893e-12  -2.1444e-12  6.29684e-15 -6.29543e-15
 5.73602e-06 -5.71289e-06  5.47836e-06 -5.47823e-06   5.4781e-06 -5.38859e-06  3.27304e-08 -3.17768e-08   3.1776e-08 -2.99028e-08  2.99024e-08 -2.06837e-08  2.06781e-08 -1.80801e-08  1.12552e-08 -1.12479e-08  8.10777e-12 -8.06626e-12  8.05154e-12   -8.051e-12  7.93435e-12 -7.93104e-12  7.91824e-12 -2.14845e-12  2.14392e-12 -6.29543e-15  6.29401e-15
Weights:
     108.828     -108.818       96.963     -92.5244      92.4979     -88.4315      1.81511     -1.75047      1.75001    -0.127384     0.127361   -0.0354931    0.0354831   -0.0354568     0.035288   -0.0352879   0.00435741  -0.00435736    0.0043563  -0.00435627   0.00431127   -0.0043104    0.0043099  -0.00369754   0.00369714 -1.73942e-06  1.73785e-06
    -108.818      108.807     -96.9537      92.5155      -92.489       88.423     -1.81494       1.7503     -1.74984     0.127372    -0.127348    0.0354897   -0.0354797    0.0354534   -0.0352846    0.0352846  -0.00435699   0.00435695  -0.00435589   0.00435586  -0.00431085   0.00430999  -0.00430949   0.00369718  -0.00369679  1.73926e-06 -1.73769e-06
      96.963     -96.9537      86.3914     -82.4367      82.4131     -78.7901      1.61722     -1.55962      1.55921    -0.113495     0.113475   -0.0316234    0.0316145   -0.0315911    0.0314406   -0.0314406   0.00388233  -0.00388229   0.00388135  -0.00388132   0.00384122  -0.00384045      0.00384  -0.00329441   0.00329405 -1.54978e-06  1.54838e-06
    -92.5244      92.5155     -82.4367       78.663     -78.6405      75.1833     -1.54319      1.48822     -1.48783       0.1083     -0.10828    0.0301757   -0.0301673    0.0301449   -0.0300014    0.0300013  -0.00370461   0.00370457  -0.00370367   0.00370365  -0.00366538   0.00366465  -0.00366422    0.0031436  -0.00314326  1.47884e-06  -1.4775e-06
     92.4979      -92.489      82.4131     -78.6405       78.618     -75.1618      1.54274      -1.4878      1.48741    -0.108269     0.108249   -0.0301671    0.0301587   -0.0301363    0.0299928   -0.0299928   0.00370355  -0.00370351   0.00370261  -0.00370259   0.00366433   -0.0036636   0.00366317   -0.0031427   0.00314236 -1.47841e-06  1.47708e-06
    -88.4315       88.423     -78.7901      75.1833     -75.1618      71.8585     -1.47494      1.42241     -1.42204     0.103511    -0.103492    0.0288413   -0.0288332    0.0288119   -0.0286747    0.0286746  -0.00354079   0.00354075  -0.00353989   0.00353986  -0.00350329   0.00350259  -0.00350218   0.00300458  -0.00300426  1.41344e-06 -1.41216e-06
     1.81511     -1.81494      1.61722     -1.54319      1.54274     -1.47494    0.0302742   -0.0291959    0.0291883  -0.00212463   0.00212424 -0.000591986  0.000591821 -0.000591382  0.000588566 -0.000588565  7.26769e-05 -7.26762e-05  7.26585e-05  -7.2658e-05  7.19073e-05 -7.18929e-05  7.18845e-05  -6.1671e-05  6.16643e-05 -2.90117e-08  2.89855e-08
    -1.75047       1.7503     -1.55962      1.48822      -1.4878      1.42241   -0.0291959    0.0281561   -0.0281487   0.00204895  -0.00204858  0.000570902 -0.000570742  0.000570319 -0.000567604  0.000567603 -7.00884e-05  7.00877e-05 -7.00707e-05  7.00702e-05 -6.93463e-05  6.93324e-05 -6.93243e-05  5.94745e-05 -5.94681e-05  2.79784e-08 -2.79532e-08
     1.75001     -1.74984      1.55921     -1.48783      1.48741     -1.42204    0.0291883   -0.0281487    0.0281413  -0.00204842   0.00204804 -0.000570753  0.000570593  -0.00057017  0.000567455 -0.000567454  7.00701e-05 -7.00694e-05  7.00523e-05 -7.00518e-05  6.93281e-05 -6.93142e-05  6.93061e-05 -5.94589e-05  5.94525e-05 -2.79711e-08  2.79459e-08
   -0.127384     0.127372    -0.113495       0.1083    -0.108269     0.103511  -0.00212463   0.00204895  -0.00204842  0.000149105 -0.000149078  4.15453e-05 -4.15337e-05  4.15029e-05 -4.13053e-05  4.13052e-05 -5.10043e-06  5.10038e-06 -5.09914e-06   5.0991e-06 -5.04642e-06  5.04541e-06 -5.04482e-06  4.32804e-06 -4.32757e-06  2.03603e-09 -2.03419e-09
    0.127361    -0.127348     0.113475     -0.10828     0.108249    -0.103492   0.00212424  -0.00204858   0.00204804 -0.000149078  0.000149051 -4.15377e-05  4.15261e-05 -4.14953e-05  4.12977e-05 -4.12977e-05   5.0995e-06 -5.09945e-06   5.0982e-06 -5.09817e-06   5.0455e-06 -5.04449e-06   5.0439e-06 -4.32725e-06  4.32678e-06 -2.03566e-09  2.03382e-09
  -0.0354931    0.0354897   -0.0316234    0.0301757   -0.0301671    0.0288413 -0.000591986  0.000570902 -0.000570753  4.15453e-05 -4.15377e-05  1.15758e-05 -1.15726e-05   1.1564e-05 -1.15089e-05  1.15089e-05 -1.42114e-06  1.42112e-06 -1.42078e-06  1.42077e-06 -1.40609e-06  1.40581e-06 -1.40564e-06  1.20593e-06  -1.2058e-06  5.67301e-10 -5.66789e-10
   0.0354831   -0.0354797    0.0316145   -0.0301673    0.0301587   -0.0288332  0.000591821 -0.000570742  0.000570593 -4.15337e-05  4.15261e-05 -1.15726e-05  1.15693e-05 -1.15608e-05  1.15057e-05 -1.15057e-05  1.42074e-06 -1.42073e-06  1.42038e-06 -1.42037e-06   1.4057e-06 -1.40541e-06  1.40525e-06 -1.20559e-06  1.20546e-06 -5.67142e-10   5.6663e-10
  -0.0354568    0.0354534   -0.0315911    0.0301449   -0.0301363    0.0288119 -0.000591382  0.000570319  -0.00057017  4.15029e-05 -4.14953e-05   1.1564e-05 -1.15608e-05  1.15522e-05 -1.14972e-05  1.14972e-05 -1.41969e-06  1.41967e-06 -1.41933e-06  1.41932e-06 -1.40465e-06  1.40437e-06 -1.40421e-06   1.2047e-06 -1.20457e-06  5.66722e-10  -5.6621e-10
    0.035288   -0.0352846    0.0314406   -0.0300014    0.0299928   -0.0286747  0.000588566 -0.000567604  0.000567455 -4.13053e-05  4.12977e-05 -1.15089e-05  1.15057e-05 -1.14972e-05  1.14424e-05 -1.14424e-05  1.41293e-06 -1.41291e-06  1.41257e-06 -1.41256e-06  1.39797e-06 -1.39769e-06  1.39752e-06 -1.19896e-06  1.19883e-06 -5.64024e-10  5.63514e-10
  -0.0352879    0.0352846   -0.0314406    0.0300013   -0.0299928    0.0286746 -0.000588565  0.000567603 -0.000567454  4.13052e-05 -4.12977e-05  1.15089e-05 -1.15057e-05  1.14972e-05 -1.14424e-05  1.14424e-05 -1.41293e-06  1.41291e-06 -1.41257e-06  1.41256e-06 -1.39796e-06  1.39768e-06 -1.39752e-06  1.19896e-06 -1.19883e-06  5.64023e-10 -5.63513e-10
  0.00435741  -0.00435699   0.00388233  -0.00370461   0.00370355  -0.00354079  7.26769e-05 -7.00884e-05  7.00701e-05 -5.10043e-06   5.0995e-06 -1.42114e-06  1.42074e-06 -1.41969e-06  1.41293e-06 -1.41293e-06  1.93416e-07 -1.93414e-07  1.93367e-07 -1.93365e-07  1.91368e-07 -1.91329e-07  1.91307e-07 -1.64126e-07  1.64108e-07 -7.72092e-11  7.71395e-11
 -0.00435736   0.00435695  -0.00388229   0.00370457  -0.00370351   0.00354075 -7.26762e-05  7.00877e-05 -7.00694e-05  5.10038e-06 -5.09945e-06  1.42112e-06 -1.42073e-06  1.41967e-06 -1.41291e-06  1.41291e-06 -1.93414e-07  1.93412e-07 -1.93365e-07  1.93363e-07 -1.91366e-07  1.91327e-07 -1.91305e-07  1.64124e-07 -1.64106e-07  7.72084e-11 -7.71387e-11
   0.0043563  -0.00435589   0.00388135  -0.00370367   0.00370261  -0.00353989  7.26585e-05 -7.00707e-05  7.00523e-05 -5.09914e-06   5.0982e-06 -1.42078e-06  1.42038e-06 -1.41933e-06  1.41257e-06 -1.41257e-06  1.93367e-07 -1.93365e-07  1.93318e-07 -1.93316e-07  1.91319e-07 -1.91281e-07  1.91258e-07 -1.64084e-07  1.64066e-07 -7.71896e-11  7.71199e-11
 -0.00435627   0.00435586  -0.00388132   0.00370365  -0.00370259   0.00353986  -7.2658e-05  7.00702e-05 -7.00518e-05   5.0991e-06 -5.09817e-06  1.42077e-06 -1.42037e-06  1.41932e-06 -1.41256e-06  1.41256e-06 -1.93365e-07  1.93363e-07 -1.93316e-07  1.93315e-07 -1.91318e-07  1.91279e-07 -1.91257e-07  1.64083e-07 -1.64065e-07  7.71891e-11 -7.71194e-11
  0.00431127  -0.00431085   0.00384122  -0.00366538   0.00366433  -0.00350329  7.19073e-05 -6.93463e-05  6.93281e-05 -5.04642e-06   5.0455e-06 -1.40609e-06   1.4057e-06 -1.40465e-06  1.39797e-06 -1.39796e-06  1.91368e-07 -1.91366e-07  1.91319e-07 -1.91318e-07  1.89341e-07 -1.89303e-07  1.89281e-07 -1.62388e-07   1.6237e-07 -7.63916e-11  7.63226e-11
  -0.0043104   0.00430999  -0.00384045   0.00366465   -0.0036636   0.00350259 -7.18929e-05  6.93324e-05 -6.93142e-05  5.04541e-06 -5.04449e-06  1.40581e-06 -1.40541e-06  1.40437e-06 -1.39769e-06  1.39768e-06 -1.91329e-07  1.91327e-07 -1.91281e-07  1.91279e-07 -1.89303e-07  1.89265e-07 -1.89243e-07  1.62355e-07 -1.62338e-07  7.63763e-11 -7.63074e-11
   0.0043099  -0.00430949      0.00384  -0.00366422   0.00366317  -0.00350218  7.18845e-05 -6.93243e-05  6.93061e-05 -5.04482e-06   5.0439e-06 -1.40564e-06  1.40525e-06 -1.40421e-06  1.39752e-06 -1.39752e-06  1.91307e-07 -1.91305e-07  1.91258e-07 -1.91257e-07  1.89281e-07 -1.89243e-07  1.89221e-07 -1.62336e-07  1.62319e-07 -7.63674e-11  7.62984e-11
 -0.00369754   0.00369718  -0.00329441    0.0031436   -0.0031427   0.00300458  -6.1671e-05  5.94745e-05 -5.94589e-05  4.32804e-06 -4.32725e-06  1.20593e-06 -1.20559e-06   1.2047e-06 -1.19896e-06  1.19896e-06 -1.64126e-07  1.64124e-07 -1.64084e-07  1.64083e-07 -1.62388e-07  1.62355e-07 -1.62336e-07  1.39287e-07 -1.39272e-07  6.55243e-11 -6.54651e-11
  0.00369714  -0.00369679   0.00329405  -0.00314326   0.00314236  -0.00300426  6.16643e-05 -5.94681e-05  5.94525e-05 -4.32757e-06  4.32678e-06  -1.2058e-06  1.20546e-06 -1.20457e-06  1.19883e-06 -1.19883e-06  1.64108e-07 -1.64106e-07  1.64066e-07 -1.64065e-07   1.6237e-07 -1.62338e-07  1.62319e-07 -1.39272e-07  1.39257e-07 -6.55173e-11  6.54581e-11
-1.73942e-06  1.73926e-06 -1.54978e-06  1.47884e-06 -1.47841e-06  1.41344e-06 -2.90117e-08  2.79784e-08 -2.79711e-08  2.03603e-09 -2.03566e-09  5.67301e-10 -5.67142e-10  5.66722e-10 -5.64024e-10  5.64023e-10 -7.72092e-11  7.72084e-11 -7.71896e-11  7.71891e-11 -7.63916e-11  7.63763e-11 -7.63674e-11  6.55243e-11 -6.55173e-11  3.12024e-14 -3.11742e-14
 1.73785e-06 -1.73769e-06  1.54838e-06  -1.4775e-06  1.47708e-06 -1.41216e-06  2.89855e-08 -2.79532e-08  2.79459e-08 -2.03419e-09  2.03382e-09 -5.66789e-10   5.6663e-10  -5.6621e-10  5.63514e-10 -5.63513e-10  7.71395e-11 -7.71387e-11  7.71199e-11 -7.71194e-11  7.63226e-11 -7.63074e-11  7.62984e-11 -6.54651e-11  6.54581e-11 -3.11742e-14   3.1146e-14
Weights:
     336.258      -336.03      261.756     -235.021      234.974     -221.997      4.96319      -4.7722      4.76809    -0.128681     0.128671   -0.0267519    0.0267443   -0.0267374    0.0262758   -0.0262756   0.00381057   -0.0038105   0.00373546  -0.00373498   0.00373286  -0.00373277   0.00373251  -0.00357646   0.00357628 -2.02996e-06  2.02866e-06
     -336.03      335.802     -261.579      234.862     -234.814      221.846     -4.95982      4.76897     -4.76485     0.128594    -0.128583    0.0267337   -0.0267262    0.0267193    -0.026258    0.0262578  -0.00380799   0.00380792  -0.00373292   0.00373245  -0.00373033   0.00373024  -0.00372998   0.00357403  -0.00357386  2.02858e-06 -2.02729e-06
     261.756     -261.579      203.762      -182.95      182.913     -172.811      3.86354     -3.71487      3.71167    -0.100171     0.100162   -0.0208247    0.0208188   -0.0208134    0.0204541    -0.020454    0.0029663  -0.00296625   0.00290783  -0.00290746   0.00290581  -0.00290574   0.00290554  -0.00278406   0.00278392  -1.5802e-06  1.57919e-06
    -235.021      234.862      -182.95      164.264     -164.231      155.161     -3.46893      3.33545     -3.33257    0.0899396   -0.0899321    0.0186977   -0.0186925    0.0186876    -0.018365    0.0183649  -0.00266333   0.00266328  -0.00261083    0.0026105  -0.00260902   0.00260896  -0.00260878    0.0024997  -0.00249958   1.4188e-06  -1.4179e-06
     234.974     -234.814      182.913     -164.231      164.197     -155.129      3.46823     -3.33477      3.33189   -0.0899213    0.0899137   -0.0186939    0.0186887   -0.0186838    0.0183613   -0.0183611   0.00266279  -0.00266274    0.0026103  -0.00260997   0.00260848  -0.00260842   0.00260824  -0.00249919   0.00249907 -1.41851e-06  1.41761e-06
    -221.997      221.846     -172.811      155.161     -155.129      146.563     -3.27672      3.15063     -3.14791     0.084956   -0.0849489    0.0176617   -0.0176567    0.0176521   -0.0173474    0.0173473  -0.00251576   0.00251571  -0.00246616   0.00246585  -0.00246445   0.00246439  -0.00246422   0.00236119  -0.00236108  1.34019e-06 -1.33933e-06
     4.96319     -4.95982      3.86354     -3.46893      3.46823     -3.27672    0.0732577   -0.0704388     0.070378  -0.00189937   0.00189921 -0.000394863  0.000394752  -0.00039465  0.000387837 -0.000387834  5.62449e-05 -5.62438e-05  5.51362e-05 -5.51292e-05  5.50978e-05 -5.50965e-05  5.50927e-05 -5.27893e-05  5.27867e-05 -2.99626e-08  2.99435e-08
     -4.7722      4.76897     -3.71487      3.33545     -3.33477      3.15063   -0.0704388    0.0677283   -0.0676699   0.00182628  -0.00182613  0.000379669 -0.000379562  0.000379464 -0.000372913   0.00037291 -5.40806e-05  5.40796e-05 -5.30145e-05  5.30078e-05 -5.29777e-05  5.29764e-05 -5.29728e-05   5.0758e-05 -5.07555e-05  2.88096e-08 -2.87913e-08
     4.76809     -4.76485      3.71167     -3.33257      3.33189     -3.14791     0.070378   -0.0676699    0.0676115   -0.0018247   0.00182455 -0.000379341  0.000379234 -0.000379136  0.000372591 -0.000372588  5.40339e-05 -5.40329e-05  5.29688e-05  -5.2962e-05  5.29319e-05 -5.29307e-05  5.29271e-05 -5.07142e-05  5.07117e-05 -2.87848e-08  2.87665e-08
   -0.128681     0.128594    -0.100171    0.0899396   -0.0899213     0.084956  -0.00189937   0.00182628   -0.0018247  4.92452e-05 -4.92411e-05  1.02377e-05 -1.02348e-05  1.02322e-05 -1.00555e-05  1.00554e-05 -1.45827e-06  1.45824e-06 -1.42952e-06  1.42934e-06 -1.42853e-06   1.4285e-06  -1.4284e-06  1.36868e-06 -1.36861e-06  7.76846e-10 -7.76351e-10
    0.128671    -0.128583     0.100162   -0.0899321    0.0899137   -0.0849489   0.00189921  -0.00182613   0.00182455 -4.92411e-05  4.92369e-05 -1.02368e-05  1.02339e-05 -1.02313e-05  1.00547e-05 -1.00546e-05  1.45815e-06 -1.45812e-06   1.4294e-06 -1.42922e-06  1.42841e-06 -1.42838e-06  1.42828e-06 -1.36856e-06   1.3685e-06 -7.76781e-10  7.76286e-10
  -0.0267519    0.0267337   -0.0208247    0.0186977   -0.0186939    0.0176617 -0.000394863  0.000379669 -0.000379341  1.02377e-05 -1.02368e-05  2.12834e-06 -2.12774e-06  2.12718e-06 -2.09046e-06  2.09045e-06 -3.03163e-07  3.03157e-07 -2.97187e-07  2.97149e-07  -2.9698e-07  2.96973e-07 -2.96953e-07  2.84537e-07 -2.84523e-07    1.615e-10 -1.61397e-10
   0.0267443   -0.0267262    0.0208188   -0.0186925    0.0186887   -0.0176567  0.000394752 -0.000379562  0.000379234 -1.02348e-05  1.02339e-05 -2.12774e-06  2.12714e-06 -2.12658e-06  2.08987e-06 -2.08986e-06  3.03078e-07 -3.03072e-07  2.97103e-07 -2.97066e-07  2.96897e-07  -2.9689e-07  2.96869e-07 -2.84457e-07  2.84443e-07 -1.61455e-10  1.61352e-10
  -0.0267374    0.0267193   -0.0208134    0.0186876   -0.0186838    0.0176521  -0.00039465  0.000379464 -0.000379136  1.02322e-05 -1.02313e-05  2.12718e-06 -2.12658e-06  2.12611e-06 -2.08941e-06  2.08939e-06  -3.0301e-07  3.03005e-07 -2.97037e-07     2.97e-07 -2.96831e-07  2.96824e-07 -2.96803e-07  2.84394e-07  -2.8438e-07  1.61419e-10 -1.61316e-10
   0.0262758    -0.026258    0.0204541    -0.018365    0.0183613   -0.0173474  0.000387837 -0.000372913  0.000372591 -1.00555e-05  1.00547e-05 -2.09046e-06  2.08987e-06 -2.08941e-06  2.05334e-06 -2.05332e-06   2.9778e-07 -2.97774e-07   2.9191e-07 -2.91872e-07  2.91707e-07   -2.917e-07   2.9168e-07 -2.79485e-07  2.79471e-07 -1.58632e-10  1.58531e-10
  -0.0262756    0.0262578    -0.020454    0.0183649   -0.0183611    0.0173473 -0.000387834   0.00037291 -0.000372588  1.00554e-05 -1.00546e-05  2.09045e-06 -2.08986e-06  2.08939e-06 -2.05332e-06  2.05331e-06 -2.97777e-07  2.97772e-07 -2.91907e-07   2.9187e-07 -2.91704e-07  2.91698e-07 -2.91677e-07  2.79482e-07 -2.79469e-07  1.58631e-10  -1.5853e-10
  0.00381057  -0.00380799    0.0029663  -0.00266333   0.00266279  -0.00251576  5.62449e-05 -5.40806e-05  5.40339e-05 -1.45827e-06  1.45815e-06 -3.03163e-07  3.03078e-07  -3.0301e-07   2.9778e-07 -2.97777e-07  1.58866e-07 -1.58863e-07  1.55734e-07 -1.55715e-07  1.55626e-07 -1.55622e-07  1.55612e-07 -1.49106e-07  1.49098e-07 -8.46306e-11  8.45767e-11
  -0.0038105   0.00380792  -0.00296625   0.00266328  -0.00266274   0.00251571 -5.62438e-05  5.40796e-05 -5.40329e-05  1.45824e-06 -1.45812e-06  3.03157e-07 -3.03072e-07  3.03005e-07 -2.97774e-07  2.97772e-07 -1.58863e-07   1.5886e-07 -1.55731e-07  1.55712e-07 -1.55623e-07  1.55619e-07 -1.55609e-07  1.49103e-07 -1.49095e-07   8.4629e-11 -8.45751e-11
  0.00373546  -0.00373292   0.00290783  -0.00261083    0.0026103  -0.00246616  5.51362e-05 -5.30145e-05  5.29688e-05 -1.42952e-06   1.4294e-06 -2.97187e-07  2.97103e-07 -2.97037e-07   2.9191e-07 -2.91907e-07  1.55734e-07 -1.55731e-07  1.52664e-07 -1.52645e-07  1.52558e-07 -1.52555e-07  1.52544e-07 -1.46166e-07  1.46159e-07 -8.29623e-11  8.29095e-11
 -0.00373498   0.00373245  -0.00290746    0.0026105  -0.00260997   0.00246585 -5.51292e-05  5.30078e-05  -5.2962e-05  1.42934e-06 -1.42922e-06  2.97149e-07 -2.97066e-07     2.97e-07 -2.91872e-07   2.9187e-07 -1.55715e-07  1.55712e-07 -1.52645e-07  1.52626e-07 -1.52539e-07  1.52535e-07 -1.52525e-07  1.46148e-07  -1.4614e-07  8.29518e-11  -8.2899e-11
  0.00373286  -0.00373033   0.00290581  -0.00260902   0.00260848  -0.00246445  5.50978e-05 -5.29777e-05  5.29319e-05 -1.42853e-06  1.42841e-06  -2.9698e-07  2.96897e-07 -2.96831e-07  2.91707e-07 -2.91704e-07  1.55626e-07 -1.55623e-07  1.52558e-07 -1.52539e-07  1.52452e-07 -1.52449e-07  1.52438e-07 -1.46065e-07  1.46057e-07 -8.29046e-11  8.28518e-11
 -0.00373277   0.00373024  -0.00290574   0.00260896  -0.00260842   0.00246439 -5.50965e-05  5.29764e-05 -5.29307e-05   1.4285e-06 -1.42838e-06  2.96973e-07  -2.9689e-07  2.96824e-07   -2.917e-07  2.91698e-07 -1.55622e-07  1.55619e-07 -1.52555e-07  1.52535e-07 -1.52449e-07  1.52445e-07 -1.52435e-07  1.46061e-07 -1.46054e-07  8.29027e-11 -8.28499e-11
  0.00373251  -0.00372998   0.00290554  -0.00260878   0.00260824  -0.00246422  5.50927e-05 -5.29728e-05  5.29271e-05  -1.4284e-06  1.42828e-06 -2.96953e-07  2.96869e-07 -2.96803e-07   2.9168e-07 -2.91677e-07  1.55612e-07 -1.55609e-07  1.52544e-07 -1.52525e-07  1.52438e-07 -1.52435e-07  1.52424e-07 -1.46051e-07  1.46044e-07  -8.2897e-11  8.28442e-11
 -0.00357646   0.00357403  -0.00278406    0.0024997  -0.00249919   0.00236119 -5.27893e-05   5.0758e-05 -5.07142e-05  1.36868e-06 -1.36856e-06  2.84537e-07 -2.84457e-07  2.84394e-07 -2.79485e-07  2.79482e-07 -1.49106e-07  1.49103e-07 -1.46166e-07  1.46148e-07 -1.46065e-07  1.46061e-07 -1.46051e-07  1.39977e-07  -1.3997e-07  7.94491e-11 -7.93985e-11
  0.00357628  -0.00357386   0.00278392  -0.00249958   0.00249907  -0.00236108  5.27867e-05 -5.07555e-05  5.07117e-05 -1.36861e-06   1.3685e-06 -2.84523e-07  2.84443e-07  -2.8438e-07  2.79471e-07 -2.79469e-07  1.49098e-07 -1.49095e-07  1.46159e-07  -1.4614e-07  1.46057e-07 -1.46054e-07  1.46044e-07  -1.3997e-07  1.39963e-07 -7.94451e-11  7.93946e-11
