nRuns:1
Using two part PSO Sample Size:5000 with:27 moments.
Using Times:10
Bounds for Uniform Distribution (0,1)
Blind PSO --> nParts:30 Nsteps:1
Targeted PSO --> nParts:1 Nsteps:1
sdbeta:0.1
Reading in data!
Using starting row of data:0 and 5000 data pts!
first row X0:192.796 1463.27 5.25096 5.80954 435.297 6.25942
final row X0:466.793 2248.32 5.67464 5.17143 516.351 6.12202



HERE IS X:
5 0 0 0
0 0 3 0
0 1 3 0
1 0 0 1
Xinv
     0.2        0        0        0
       0       -1        1        0
       0 0.333333        0        0
    -0.2        0        0        1
Loading in Truk!
Calculating Yt!
truk cost:2.95822e+08
Omega Weights:
     13231.1     -36985.2     -5183.53      30543.6     -20.9905     -869.163  4.29787e+06 -4.24236e+07 -1.18764e+06  8.28661e+07     -493.725      -447162     -59796.8       635204  2.28732e+07      2248.48  2.65998e+06 -5.65651e+06 -3.24645e+07     -35416.8 -8.44212e+06 -4.30332e+06     -3251.75 -1.16099e+06     -1207.35  5.64504e+06      -7339.4
    -36985.2       314379      9457.25      -169272      239.452      8049.17 -9.48133e+06  5.13577e+08  1.73586e+06 -3.98627e+08      7717.82  4.06462e+06       159974 -2.35297e+06 -6.06739e+07     -6549.37 -7.39048e+06  4.43459e+07  2.29634e+08       476812  7.59765e+07 -7.58206e+06      26514.8  2.97869e+06      11229.1  -2.9322e+07      88273.9
    -5183.53      9457.25      3938.92       2947.3     -5.92607      1186.43 -1.54162e+06  6.80599e+06  1.08428e+06   6.5973e+06     -256.114       617052      40909.4      -187888 -8.18006e+06     -887.889      -952857  2.42217e+06  1.66249e+07     -8601.16  2.48668e+06  6.55437e+06      410.718       994115         1599   2.1169e+06     -1454.53
     30543.6      -169272       2947.3       266907     -276.447     -11054.3  8.96003e+06 -2.40934e+08  2.10821e+06  7.09494e+08     -7807.54 -5.70992e+06     -32881.3  2.29581e+06  6.58715e+07      3308.86  5.86229e+06 -1.77437e+07 -5.79333e+07      -420477  -4.4709e+07  3.88346e+07     -28258.2      -826797     -15330.4  4.65978e+07      -101101
    -20.9905      239.452     -5.92607     -276.447       6.3011       42.015     -5432.58       451676     -2190.95      -477512      375.123        25416      -25.109     -1332.12     -36495.2      1.10875     -3705.66      19235.7     -48527.1      10738.6       105458     -36894.2       593.19      3646.59      65.1806     -44384.1      2571.11
    -869.163      8049.17      1186.43     -11054.3       42.015      6697.29      -210269  1.33671e+07       318967 -2.35419e+07      1255.33  3.52328e+06      13880.2      28617.4 -1.67755e+06      343.272       252711  1.56439e+06  1.05023e+06      58414.4  5.68658e+06      7238.28      5445.99   1.2655e+06      9120.74  4.86524e+06        19584
 4.29787e+06 -9.48133e+06 -1.54162e+06  8.96003e+06     -5432.58      -210269  1.61146e+09 -1.07506e+10 -3.48991e+08  2.54457e+10      -123977 -1.12633e+08 -1.63737e+07  1.85833e+08  7.71401e+09       707697  8.73509e+08 -1.45663e+09 -8.39801e+09 -8.94278e+06 -2.16258e+09 -1.40081e+09      -873024 -3.40801e+08      -292582  1.71956e+09 -1.89146e+06
-4.24236e+07  5.13577e+08  6.80599e+06 -2.40934e+08       451676  1.33671e+07 -1.07506e+10  9.81148e+11  6.99126e+08  -5.4578e+11  1.65907e+07  6.77727e+09  1.43721e+08 -2.76595e+09 -6.94787e+10 -7.46382e+06 -8.48428e+09  6.99401e+10  3.43165e+11  9.76688e+08  1.27878e+11 -2.02877e+10  4.69532e+07  3.10836e+09  1.87164e+07 -4.12888e+10  1.69861e+08
-1.18764e+06  1.73586e+06  1.08428e+06  2.10821e+06     -2190.95       318967 -3.48991e+08  6.99126e+08  3.22288e+08  5.37453e+09     -78835.6  1.71439e+08  1.12878e+07 -4.37158e+07 -1.87655e+09      -210123  -2.2437e+08  5.94781e+08  4.32172e+09 -3.20166e+06  5.13333e+08  2.04167e+09      40755.6  2.83909e+08       429036  8.69197e+08      -616239
 8.28661e+07 -3.98627e+08   6.5973e+06  7.09494e+08      -477512 -2.35419e+07  2.54457e+10  -5.4578e+11  5.37453e+09  2.04529e+12 -1.14825e+07 -1.19981e+10  -1.1348e+08  6.55612e+09  1.93231e+11  8.17955e+06  1.59189e+10 -4.41287e+10 -1.67249e+11 -7.02624e+08 -1.00757e+11  1.04618e+11 -5.07512e+07  -1.8099e+09 -3.24672e+07  1.25065e+11 -1.69287e+08
    -493.725      7717.82     -256.114     -7807.54      375.123      1255.33      -123977  1.65907e+07     -78835.6 -1.14825e+07      26092.3       827657     -1841.67     -32900.2      -810633      150.804     -97689.5       522862 -2.64794e+06       664635  3.63817e+06 -1.07044e+06        36237      78597.8      2149.27 -1.55393e+06       158743
     -447162  4.06462e+06       617052 -5.70992e+06        25416  3.52328e+06 -1.12633e+08  6.77727e+09  1.71439e+08 -1.19981e+10       827657  2.01276e+09  7.19372e+06  1.42312e+07 -8.70088e+08       189117  1.26293e+08  8.18183e+08  3.82383e+08  3.59813e+07  3.06595e+09 -1.53757e+07  3.34895e+06  6.91223e+08  4.80433e+06  2.40936e+09  1.24119e+07
    -59796.8       159974      40909.4     -32881.3      -25.109      13880.2 -1.63737e+07  1.43721e+08  1.12878e+07  -1.1348e+08     -1841.67  7.19372e+06       483182 -2.97483e+06 -9.80488e+07     -9940.82  -1.1091e+07  3.45628e+07  2.25846e+08       -30098  4.00223e+07  5.87442e+07      8425.26   1.0562e+07      18762.8  1.04086e+07      -2463.9
      635204 -2.35297e+06      -187888  2.29581e+06     -1332.12      28617.4  1.85833e+08 -2.76595e+09 -4.37158e+07  6.55612e+09     -32900.2  1.42312e+07 -2.97483e+06  4.57053e+07  1.17394e+09       119613  1.47628e+08 -3.54134e+08 -2.00627e+09 -2.33284e+06  -5.3668e+08  8.87605e+06      -182843 -3.77889e+07      36723.5  5.58321e+08      -447433
 2.28732e+07 -6.06739e+07 -8.18006e+06  6.58715e+07     -36495.2 -1.67755e+06  7.71401e+09 -6.94787e+10 -1.87655e+09  1.93231e+11      -810633 -8.70088e+08 -9.80488e+07  1.17394e+09  4.38387e+10  3.41654e+06  4.56442e+09 -9.26899e+09 -5.31258e+10 -5.81102e+07 -1.38597e+10 -5.31281e+09 -5.45056e+06 -1.86685e+09 -2.32141e+06  1.21568e+10 -1.26506e+07
     2248.48     -6549.37     -887.889      3308.86      1.10875      343.272       707697 -7.46382e+06      -210123  8.17955e+06      150.804       189117     -9940.82       119613  3.41654e+06      561.926       553323 -1.01106e+06 -5.93305e+06     -195.435  -1.4462e+06      -886781     -76.2574      -153347      464.591  1.20125e+06      893.106
 2.65998e+06 -7.39048e+06      -952857  5.86229e+06     -3705.66       252711  8.73509e+08 -8.48428e+09  -2.2437e+08  1.59189e+10     -97689.5  1.26293e+08  -1.1091e+07  1.47628e+08  4.56442e+09       553323  6.37228e+08 -1.12881e+09 -6.49138e+09 -7.04123e+06 -1.67735e+09  -7.5082e+08      -588830 -1.77461e+08       335723  1.73665e+09 -1.22188e+06
-5.65651e+06  4.43459e+07  2.42217e+06 -1.77437e+07      19235.7  1.56439e+06 -1.45663e+09  6.99401e+10  5.94781e+08 -4.41287e+10       522862  8.18183e+08  3.45628e+07 -3.54134e+08 -9.26899e+09 -1.01106e+06 -1.12881e+09  7.23244e+09   4.0414e+10  4.25872e+07  1.11144e+10  1.21858e+09  2.82996e+06  7.45327e+08   2.1457e+06 -2.30364e+09  7.97511e+06
-3.24645e+07  2.29634e+08  1.66249e+07 -5.79333e+07     -48527.1  1.05023e+06 -8.39801e+09  3.43165e+11  4.32172e+09 -1.67249e+11 -2.64794e+06  3.82383e+08  2.25846e+08 -2.00627e+09 -5.31258e+10 -5.93305e+06 -6.49138e+09   4.0414e+10  2.57203e+11 -2.64394e+07  4.86549e+10  1.71597e+10      -551439  3.61192e+09  1.35305e+06  -9.3803e+09 -2.10481e+07
    -35416.8       476812     -8601.16      -420477      10738.6      58414.4 -8.94278e+06  9.76688e+08 -3.20166e+06 -7.02624e+08       664635  3.59813e+07       -30098 -2.33284e+06 -5.81102e+07     -195.435 -7.04123e+06  4.25872e+07 -2.64394e+07  2.00263e+07  1.95003e+08 -5.45182e+07       993053  4.72482e+06        92712 -7.61405e+07  4.31096e+06
-8.44212e+06  7.59765e+07  2.48668e+06  -4.4709e+07       105458  5.68658e+06 -2.16258e+09  1.27878e+11  5.13333e+08 -1.00757e+11  3.63817e+06  3.06595e+09  4.00223e+07  -5.3668e+08 -1.38597e+10  -1.4462e+06 -1.67735e+09  1.11144e+10  4.86549e+10  1.95003e+08  2.28886e+10 -2.34623e+09  1.22711e+07  1.38953e+09  7.85191e+06 -5.10328e+09  4.43165e+07
-4.30332e+06 -7.58206e+06  6.55437e+06  3.88346e+07     -36894.2      7238.28 -1.40081e+09 -2.02877e+10  2.04167e+09  1.04618e+11 -1.07044e+06 -1.53757e+07  5.87442e+07  8.87605e+06 -5.31281e+09      -886781  -7.5082e+08  1.21858e+09  1.71597e+10 -5.45182e+07 -2.34623e+09  1.62139e+10 -2.61569e+06  1.36869e+09     -37677.6  8.98822e+09 -1.31606e+07
    -3251.75      26514.8      410.718     -28258.2       593.19      5445.99      -873024  4.69532e+07      40755.6 -5.07512e+07        36237  3.34895e+06      8425.26      -182843 -5.45056e+06     -76.2574      -588830  2.82996e+06      -551439       993053  1.22711e+07 -2.61569e+06        61245       792840       8194.8 -3.65242e+06       263928
-1.16099e+06  2.97869e+06       994115      -826797      3646.59   1.2655e+06 -3.40801e+08  3.10836e+09  2.83909e+08  -1.8099e+09      78597.8  6.91223e+08   1.0562e+07 -3.77889e+07 -1.86685e+09      -153347 -1.77461e+08  7.45327e+08  3.61192e+09  4.72482e+06  1.38953e+09  1.36869e+09       792840  4.26574e+08  1.71765e+06  1.26159e+09  2.09462e+06
    -1207.35      11229.1         1599     -15330.4      65.1806      9120.74      -292582  1.87164e+07       429036 -3.24672e+07      2149.27  4.80433e+06      18762.8      36723.5 -2.32141e+06      464.591       335723   2.1457e+06  1.35305e+06        92712  7.85191e+06     -37677.6       8194.8  1.71765e+06      12433.1  6.51572e+06      30069.9
 5.64504e+06  -2.9322e+07   2.1169e+06  4.65978e+07     -44384.1  4.86524e+06  1.71956e+09 -4.12888e+10  8.69197e+08  1.25065e+11 -1.55393e+06  2.40936e+09  1.04086e+07  5.58321e+08  1.21568e+10  1.20125e+06  1.73665e+09 -2.30364e+09  -9.3803e+09 -7.61405e+07 -5.10328e+09  8.98822e+09 -3.65242e+06  1.26159e+09  6.51572e+06  1.75278e+10  -1.5088e+07
     -7339.4      88273.9     -1454.53      -101101      2571.11        19584 -1.89146e+06  1.69861e+08      -616239 -1.69287e+08       158743  1.24119e+07      -2463.9      -447433 -1.26506e+07      893.106 -1.22188e+06  7.97511e+06 -2.10481e+07  4.31096e+06  4.43165e+07 -1.31606e+07       263928  2.09462e+06      30069.9  -1.5088e+07  1.14419e+06
Sanity Check:
           1 -6.03961e-14   9.9476e-13  3.55271e-14 -1.31877e-10  1.20053e-10  8.67362e-16  3.72966e-17  3.72147e-13  5.20417e-17 -1.79057e-12 -6.66134e-15 -1.11022e-14  1.63425e-13 -1.23512e-15  3.41061e-12 -5.06262e-14  1.88738e-15  1.58207e-15  7.43849e-15  1.02696e-15 -1.54876e-14 -2.27374e-13  1.66533e-13  7.00311e-11 -1.44329e-15  1.76215e-12
-1.13687e-12            1 -3.63798e-12 -5.68434e-14  2.47383e-10 -4.36557e-11  2.10942e-15  1.21431e-17 -9.23706e-13  2.22045e-16  1.81899e-12  1.24345e-14 -3.55271e-15 -4.68958e-13  1.11022e-15 -5.45697e-12  1.77636e-13  1.24345e-14 -3.88578e-15  1.42109e-14 -1.82077e-14  6.12843e-14 -3.63798e-12  9.23706e-14  2.18279e-11  8.88178e-16 -9.09495e-13
 2.62901e-13  2.91989e-14            1 -1.29674e-13   8.6402e-11 -1.84173e-11  2.94903e-16 -1.83772e-17  -8.4821e-14 -7.15573e-17  1.20082e-12  1.30868e-14 -4.44089e-15 -1.52323e-13  7.21645e-16 -3.78009e-12 -2.11497e-14  2.16493e-15 -1.07726e-15   5.7801e-15 -1.26288e-15  6.21725e-15  1.02318e-12 -7.84928e-14 -3.67208e-11  2.38004e-15 -7.10543e-13
-6.82121e-13 -1.42109e-14            0            1  2.18279e-10  5.82077e-11  5.32907e-15  2.94903e-17 -2.84217e-13 -2.22045e-16 -4.09273e-12  1.77636e-15 -1.77636e-14 -6.25278e-13 -4.44089e-16  1.81899e-12 -5.68434e-14  5.68434e-14 -1.33227e-15 -1.19904e-14 -2.66454e-15            0  7.27596e-12  2.77112e-13  1.60071e-10 -5.32907e-15 -4.54747e-12
-2.13163e-14            0 -7.10543e-14 -1.77636e-15            1 -4.54747e-12 -1.73472e-17 -2.43945e-19  5.77316e-15 -6.93889e-18  1.13687e-13  2.22045e-16  4.44089e-16   5.9952e-15  1.38778e-17  5.68434e-14 -3.33067e-16 -2.77556e-17 -3.46945e-17            0 -1.11022e-16            0  2.27374e-13  -3.9968e-15 -4.54747e-12  8.32667e-17 -7.10543e-14
 5.68434e-14  4.44089e-15 -1.13687e-13 -4.26326e-14  9.09495e-12            1  1.38778e-16 -4.33681e-19  -1.3145e-13 -2.08167e-17  2.95586e-12 -1.33227e-15 -7.10543e-15 -6.75016e-14 -2.77556e-16 -3.18323e-12  6.21725e-15 -4.66294e-15 -4.16334e-16  4.10783e-15 -2.72005e-15  1.04361e-14  6.36646e-12 -1.42109e-14 -1.01863e-10 -4.44089e-16 -9.09495e-13
 1.92813e-10 -2.46132e-11  3.12866e-10  1.81899e-11 -3.42261e-08  5.82077e-08            1  1.21569e-14  2.29647e-11  2.75335e-14 -5.52973e-10 -8.83915e-12 -2.27374e-13  5.25233e-11  -8.3844e-13  1.45519e-09 -7.67386e-12 -7.10543e-13  6.00409e-13  2.12452e-12  8.52651e-14  3.22586e-12 -1.16415e-10  5.07043e-11  2.44472e-08  -1.0516e-12  6.69388e-10
 1.86265e-09  1.30967e-10 -3.72529e-09 -2.91038e-10  2.98023e-08  2.98023e-08 -1.13687e-12            1 -2.03727e-10 -5.68434e-14  1.02445e-08  1.63709e-11 -2.91038e-11  4.94765e-10  9.09495e-13            0  1.16415e-10  2.18279e-11 -1.13687e-12  3.09228e-11 -4.54747e-12 -7.27596e-12 -2.23517e-08  1.60071e-10  4.61936e-07  4.54747e-12  9.31323e-10
-8.00355e-11  7.65965e-12 -3.27418e-11  -1.5234e-11  2.70084e-08 -1.97906e-09 -4.22773e-13 -8.25728e-15            1  1.33227e-14  2.81943e-10  1.52767e-12  1.44951e-12 -4.37126e-11  3.19744e-14 -7.42148e-10  5.91172e-12 -7.24754e-13 -2.50466e-13  4.79616e-13 -1.42109e-13   8.2423e-13  1.74623e-10 -1.22213e-11 -2.01399e-08 -5.22249e-13 -2.25555e-10
 2.32831e-09 -8.73115e-11  2.79397e-09  2.32831e-10 -2.68221e-07  5.96046e-08 -2.72848e-12  1.06581e-14  1.09139e-09            1 -9.77889e-09 -1.34605e-10            0 -7.27596e-11            0 -3.72529e-09  2.18279e-11  6.36646e-11  9.09495e-13 -5.18412e-11 -2.18279e-11 -1.10958e-10 -1.49012e-08 -2.91038e-10            0  1.81899e-12  3.72529e-09
-4.54747e-13 -7.10543e-15 -2.72848e-12 -5.68434e-14  1.45519e-11 -2.03727e-10  2.22045e-16 -5.20417e-18  1.98952e-13 -2.77556e-16            1  1.77636e-15            0  1.56319e-13            0  3.63798e-12  1.42109e-14 -1.06581e-14 -6.66134e-16 -4.44089e-15 -2.66454e-15  1.24345e-14  7.27596e-12  -1.7053e-13  -3.0559e-10  8.88178e-16 -1.81899e-12
 2.91038e-10  4.54747e-13 -5.82077e-11 -4.36557e-11            0  1.06171e-07 -7.10543e-14   1.9984e-15 -5.63887e-11  3.55271e-14  5.23869e-10            1 -5.00222e-12 -8.36735e-11 -2.27374e-13 -4.65661e-10   8.6402e-12  2.27374e-12 -1.03739e-12  1.04592e-11  7.38964e-13  8.52651e-12 -9.31323e-10  1.81899e-12 -3.91155e-08 -1.13687e-12  5.82077e-10
-3.96483e-12   2.4275e-13 -7.24754e-12  2.33591e-13  1.35287e-10 -1.93722e-10 -1.80481e-14 -2.03938e-16 -4.13403e-12 -7.24247e-16  1.31735e-11  1.46022e-13            1 -1.28364e-12  8.79852e-15 -1.54046e-11  1.39555e-13 -1.16518e-13 -7.59115e-15 -3.43336e-14  9.03444e-15  1.26066e-13  1.64846e-11 -6.26832e-13 -1.29376e-10  7.07767e-16 -1.04166e-11
 2.81943e-11 -2.92744e-12  5.82077e-11  1.13687e-12 -3.25963e-09  7.27596e-09  1.76303e-13   1.4988e-15  7.95808e-12  5.10703e-15 -1.10049e-10 -9.66338e-13 -3.69482e-13            1 -1.02141e-13  7.27596e-11 -4.54747e-13  2.13163e-13  5.68434e-14  5.32907e-13 -3.90799e-14  -8.3844e-13 -2.03727e-10   4.3201e-12    7.567e-10 -8.52651e-14  3.63798e-11
 1.86265e-09 -7.95808e-11  1.92085e-09  5.82077e-11 -1.80677e-07  1.75089e-07 -2.33058e-12  2.40918e-14  7.93079e-10 -2.34479e-13 -3.63798e-09 -1.00044e-11 -9.09495e-13  6.27551e-10            1  6.28643e-09 -8.50378e-11  1.40972e-11  1.80478e-12  1.00613e-11  2.27374e-13 -5.58202e-11  9.31323e-10  7.82165e-11  1.28523e-07 -8.52651e-13  1.62981e-09
 6.03961e-14  -6.7446e-15   4.9738e-14  1.28786e-14 -3.22871e-11  1.86446e-11  2.28983e-16  5.75982e-18  3.67484e-14 -8.67362e-19 -3.37508e-14 -4.38538e-15 -1.94289e-15  2.70894e-14 -2.72352e-16            1 -7.49401e-15 -2.22045e-15  5.51642e-16 -6.07153e-16  4.51028e-16 -7.21645e-16 -8.52651e-14   2.7589e-14  2.19416e-11 -5.16948e-16  2.98428e-13
 2.21917e-10 -9.15179e-12  2.91038e-10 -4.09273e-12 -1.00117e-08   4.4005e-08   2.4869e-13  8.86791e-15  5.95719e-11  1.33227e-15 -4.76575e-10 -1.47793e-12 -4.49063e-12  3.51292e-11 -4.08562e-13  5.09317e-10            1  1.27898e-13  2.84217e-13  2.49401e-12  8.52651e-14  -6.6791e-13 -1.13505e-09  2.76259e-11  6.75209e-09 -6.39488e-13  4.43833e-10
-2.32831e-10  1.68257e-11  2.32831e-10 -6.54836e-11  6.51926e-08  3.35276e-08   2.4869e-13 -7.66054e-15 -1.34605e-10  9.59233e-14  8.14907e-10 -1.13687e-12  -8.6402e-12 -1.50976e-10 -2.84217e-14 -1.86265e-09  3.45608e-11            1  8.52651e-14  6.53699e-13  -1.7053e-13  9.66338e-12  6.98492e-10 -1.09139e-11  3.72529e-09 -1.13687e-12            0
-1.80444e-09  6.63931e-11 -1.28057e-09 -4.51109e-10  2.12342e-07 -1.19209e-07  3.04112e-12 -4.77396e-14  -9.3678e-10  3.33955e-13  3.72529e-09 -2.27374e-13 -2.81943e-11  -9.8953e-10  4.43379e-12 -4.19095e-09  1.20963e-10 -3.86535e-12            1 -2.51248e-11  4.88853e-12  6.13909e-11            0 -5.45697e-12   5.7742e-08  -6.9349e-12 -1.16415e-10
           0            0 -8.73115e-11 -5.45697e-12 -3.25963e-09 -9.31323e-09  1.06581e-14 -5.55112e-16  5.00222e-12 -5.32907e-15  2.47383e-10  1.13687e-13 -6.82121e-13  4.54747e-12 -1.42109e-14            0  4.54747e-13 -8.52651e-13  4.26326e-14            1   9.9476e-14  3.41061e-13  1.16415e-10 -5.00222e-12 -5.58794e-09  1.42109e-14 -5.82077e-11
 2.32831e-10  3.27418e-11  1.39698e-09 -8.73115e-11  1.04308e-07  7.45058e-08 -7.38964e-13 -1.24345e-14 -8.00355e-11 -1.42109e-14  2.32831e-09  5.45697e-12            0 -5.09317e-11  5.68434e-13 -1.86265e-09  3.81988e-11 -7.27596e-12  -1.7053e-13 -1.04592e-11            1  3.18323e-12            0 -7.27596e-12  2.23517e-08  2.27374e-13 -1.16415e-09
-6.98492e-10   5.0477e-11  1.74623e-10  2.18279e-11  1.21072e-07 -1.30385e-08 -2.87059e-12 -6.28386e-14 -2.36469e-10  -4.9738e-14  5.52973e-10  3.09228e-11 -1.00044e-11 -2.29193e-10  8.52651e-14  -6.0536e-09  4.59295e-11 -6.82121e-13 -1.39266e-12  3.80851e-12 -7.38964e-13            1  2.79397e-09 -2.81943e-11 -1.09896e-07  4.09273e-12 -1.16415e-09
 1.81899e-12  1.42109e-14            0 -5.68434e-13  2.03727e-10  2.91038e-11  8.88178e-16            0  8.52651e-14 -1.11022e-16  9.09495e-13 -7.10543e-15            0  1.42109e-13 -1.77636e-15 -1.09139e-11   4.9738e-14 -1.77636e-14 -2.22045e-15  4.44089e-14 -1.77636e-14  2.84217e-14            1 -2.27374e-13   -7.567e-10 -8.88178e-16 -1.81899e-12
 1.16415e-10  8.12861e-12  5.82077e-11 -3.27418e-11  1.74623e-08 -1.46683e-08  -2.6823e-13 -7.82707e-15 -1.43245e-11  8.88178e-16 -5.09317e-11  3.29692e-12 -2.95586e-12  1.13687e-11  1.49214e-13 -5.52973e-10 -4.88853e-12  5.40012e-13 -3.19744e-14  3.11928e-12 -8.95284e-13  1.52056e-12  1.39698e-09            1 -7.21775e-09  2.41585e-13  -3.0559e-10
-1.42109e-12 -1.33227e-14 -1.93268e-12  7.10543e-14 -1.41881e-10 -4.36557e-11  3.33067e-16  4.77049e-18 -3.90799e-14 -1.38778e-17  6.25278e-12            0  1.77636e-15 -1.66978e-13 -1.66533e-16  2.27374e-12  6.21725e-15 -4.88498e-15 -7.77156e-16 -8.65974e-15  2.66454e-15  4.21885e-15  1.27329e-11 -1.24345e-14            1 -9.99201e-16 -2.27374e-12
 8.73115e-11 -1.45519e-11  5.82077e-10  2.91038e-11 -1.21072e-07 -2.79397e-08  -1.9611e-12 -4.44089e-15 -2.49202e-10  1.13687e-13  1.86265e-09 -5.22959e-12 -3.63798e-12 -9.09495e-11 -8.81073e-13  1.16415e-09 -8.18545e-12 -6.13909e-12   9.9476e-13 -2.27374e-13  2.21689e-12 -7.27596e-12  1.86265e-09 -3.54703e-11  9.49949e-08            1 -1.04774e-09
 3.63798e-12            0 -7.27596e-12 -1.81899e-12  3.49246e-10 -9.31323e-10  1.77636e-15 -2.77556e-17  9.09495e-13 -8.88178e-16  3.27418e-11 -4.26326e-14 -5.68434e-14  9.09495e-13 -3.55271e-15 -2.91038e-11  1.13687e-13 -7.10543e-14 -8.88178e-15   2.4869e-14 -2.13163e-14  9.23706e-14            0 -1.02318e-12 -2.67755e-09            0            1
Weights:

w0
    0.042976  0.000493942    0.0731568  -0.00596183     0.345456     0.356515 -2.07542e-05 -1.36712e-07  0.000830235  2.41501e-06  -0.00669236  4.27845e-05  -0.00113383  0.000678478 -1.36847e-05   -0.0574199 -0.000103987 -1.29966e-05  1.33018e-06   1.3331e-05  3.27111e-06 -0.000111084   -0.0678715  -0.00037086     -0.26598  1.81056e-05    0.0164495
 0.000493942  0.000227843  0.000531777  9.04576e-05  -0.00261131  0.000631404 -6.65394e-07 -4.84849e-08  6.05564e-05 -3.26165e-08 -2.25221e-05  2.96377e-06 -2.98956e-05  5.53504e-05  5.45481e-08 -0.000441631 -9.90999e-06  2.79966e-07 -1.05193e-07  8.52649e-07 -2.65058e-07 -6.28353e-06 -0.000843161 -2.64689e-05 -0.000260577  8.62012e-07   0.00019818
   0.0731568  0.000531777     0.176027   -0.0112271     0.685458     0.688434 -6.26023e-07  -1.4189e-07 -3.44987e-05  6.90255e-06   -0.0129562 -4.46588e-06  -0.00536741  -0.00051921   -4.137e-05   -0.0893927  0.000115087 -6.47387e-05  6.62311e-06  1.62112e-05  1.71596e-05 -6.38438e-05    -0.137294  2.92016e-05    -0.514269  1.31902e-05    0.0331439
 -0.00596183  9.04576e-05   -0.0112271   0.00112652   -0.0429829   -0.0451992   2.7223e-06  6.09267e-10 -0.000116383 -4.12785e-07  0.000830967 -5.75062e-06  0.000201155  -9.2559e-05  1.90046e-06   0.00884889  1.37623e-05  7.57096e-06 -8.71839e-07  1.84395e-07  -2.1922e-06  1.58343e-05    0.0124534   5.0514e-05    0.0338566 -2.67903e-06  -0.00296158
    0.345456  -0.00261131     0.685458   -0.0429829      53.8266      57.3694  0.000182703  3.28813e-06   -0.0207843  4.90784e-05     -1.02923  -0.00191864  -0.00163562   -0.0205318 -0.000352067      -1.7897   0.00557639   0.00439388 -0.000478182   0.00462406  -0.00117073   0.00165433     -2.86824    0.0124525     -42.3129   -0.0004805     0.803526
    0.356515  0.000631404     0.688434   -0.0451992      57.3694      67.5228  0.000203616  2.88098e-06   -0.0206667  5.23026e-05     -1.21431  -0.00205339   -0.0014853   -0.0205084 -0.000376521     -2.03051   0.00584077   0.00577297 -0.000627056   0.00730881  -0.00154765   0.00162176     -3.18861     0.012811     -49.7841 -0.000508802     0.910368
-2.07542e-05 -6.65394e-07 -6.26023e-07   2.7223e-06  0.000182703  0.000203616  1.45894e-07  5.33236e-10 -5.15618e-06  6.06099e-09 -4.16637e-06 -2.73116e-07 -1.66501e-06 -5.10553e-06 -5.57802e-08  1.61028e-05  8.88391e-07 -3.77586e-08  3.20438e-09  1.24873e-08  7.70023e-09  4.87646e-07 -2.95882e-05  2.35421e-06 -0.000144886 -7.43614e-08   7.3323e-06
-1.36712e-07 -4.84849e-08  -1.4189e-07  6.09267e-10  3.28813e-06  2.88098e-06  5.33236e-10  2.17645e-11 -4.52115e-08  2.87063e-11 -6.24996e-08 -2.32558e-09  9.53204e-09 -4.31434e-08 -2.07108e-10  2.31799e-07   7.7156e-09  7.72495e-10 -7.80384e-11  2.98819e-10  -2.3966e-10  4.52431e-09  3.80692e-07  2.03922e-08 -2.17086e-06 -7.07794e-10 -7.76492e-08
 0.000830235  6.05564e-05 -3.44987e-05 -0.000116383   -0.0207843   -0.0206667 -5.15618e-06 -4.52115e-08   0.00048594   -2.963e-07  0.000410528  2.64267e-05  1.08993e-05  0.000466688  2.28696e-06  -0.00100616  -8.4366e-05  6.04369e-06  -5.8565e-07 -3.61104e-07  -1.3939e-06  -4.8355e-05   0.00305894 -0.000224796    0.0150138  8.07777e-06 -0.000754163
 2.41501e-06 -3.26165e-08  6.90255e-06 -4.12785e-07  4.90784e-05  5.23026e-05  6.06099e-09  2.87063e-11   -2.963e-07  6.55653e-10 -9.92025e-07 -1.77829e-08 -2.40255e-07 -3.08543e-07 -4.71499e-09 -5.55236e-06  6.05274e-08 -8.27118e-09  8.40478e-10  1.17141e-09  2.02678e-09  2.51508e-08 -1.09112e-05  1.44206e-07 -3.82803e-05 -4.58954e-09  2.63205e-06
 -0.00669236 -2.25221e-05   -0.0129562  0.000830967     -1.02923     -1.21431 -4.16637e-06 -6.24996e-08  0.000410528 -9.92025e-07     0.022766  3.84147e-05  2.44621e-05  0.000408788  7.20232e-06    0.0369937  -0.00011239 -0.000131682  1.43028e-05 -0.000151976  3.52537e-05 -3.29003e-05    0.0574597 -0.000246845     0.895436  9.71718e-06    -0.016492
 4.27845e-05  2.96377e-06 -4.46588e-06 -5.75062e-06  -0.00191864  -0.00205339 -2.73116e-07 -2.32558e-09  2.64267e-05 -1.77829e-08  3.84147e-05  1.51888e-06  5.76016e-07  2.53635e-05  1.32337e-07  5.07039e-05 -4.75985e-06  4.79236e-07 -4.80517e-08 -3.51418e-08 -1.15166e-07  -2.6134e-06  0.000351557 -1.25283e-05   0.00148132  4.66851e-07 -8.56838e-05
 -0.00113383 -2.98956e-05  -0.00536741  0.000201155  -0.00163562   -0.0014853 -1.66501e-06  9.53204e-09  1.08993e-05 -2.40255e-07  2.44621e-05  5.76016e-07  0.000343997  3.98594e-05  1.60416e-06  0.000867204 -7.33096e-06  2.93051e-06 -3.10846e-07  5.95387e-07 -7.36086e-07  1.01452e-06   0.00126776 -5.08091e-06   0.00128106 -4.12273e-07 -0.000293287
 0.000678478  5.53504e-05  -0.00051921  -9.2559e-05   -0.0205318   -0.0205084 -5.10553e-06 -4.31434e-08  0.000466688 -3.08543e-07  0.000408788  2.53635e-05  3.98594e-05  0.000451105   2.3593e-06 -0.000882479 -8.15535e-05  5.70956e-06 -5.50438e-07 -4.43648e-07 -1.30898e-06 -4.62273e-05   0.00301388 -0.000215839     0.014931  7.69331e-06   -0.0007439
-1.36847e-05  5.45481e-08   -4.137e-05  1.90046e-06 -0.000352067 -0.000376521 -5.57802e-08 -2.07108e-10  2.28696e-06 -4.71499e-09  7.20232e-06  1.32337e-07  1.60416e-06   2.3593e-06  3.69401e-08  3.26027e-05  -4.5163e-07  3.60414e-08 -3.39213e-09 -1.63285e-08 -8.06201e-09 -1.96822e-07   6.2444e-05 -1.09215e-06   0.00027596  3.38234e-08 -1.52909e-05
  -0.0574199 -0.000441631   -0.0893927   0.00884889      -1.7897     -2.03051  1.61028e-05  2.31799e-07  -0.00100616 -5.55236e-06    0.0369937  5.07039e-05  0.000867204 -0.000882479  3.26027e-05      0.29754 -0.000141444   0.00013381 -1.44933e-05 -7.62191e-05  -3.5355e-05  0.000155706     0.430882  2.36698e-05      1.46487  2.11212e-05    -0.103715
-0.000103987 -9.90999e-06  0.000115087  1.37623e-05   0.00557639   0.00584077  8.88391e-07   7.7156e-09  -8.4366e-05  6.05274e-08  -0.00011239 -4.75985e-06 -7.33096e-06 -8.15535e-05  -4.5163e-07 -0.000141444  1.52467e-05 -1.22856e-06  1.20864e-07  1.51458e-07  2.87454e-07  8.31451e-06 -0.000967201  3.97425e-05  -0.00423295 -1.46014e-06  0.000236571
-1.29966e-05  2.79966e-07 -6.47387e-05  7.57096e-06   0.00439388   0.00577297 -3.77586e-08  7.72495e-10  6.04369e-06 -8.27118e-09 -0.000131682  4.79236e-07  2.93051e-06  5.70956e-06  3.60414e-08   0.00013381 -1.22856e-06  3.44834e-06 -3.72451e-07  1.83794e-06 -9.08451e-07 -5.47716e-07  0.000502901 -3.41014e-06  -0.00432665  1.47283e-07 -9.50934e-05
 1.33018e-06 -1.05193e-07  6.62311e-06 -8.71839e-07 -0.000478182 -0.000627056  3.20438e-09 -7.80384e-11  -5.8565e-07  8.40478e-10  1.43028e-05 -4.80517e-08 -3.10846e-07 -5.50438e-07 -3.39213e-09 -1.44933e-05  1.20864e-07 -3.72451e-07  4.02956e-08 -1.98216e-07  9.81744e-08  5.27123e-08 -5.31058e-05  3.36857e-07  0.000469845 -1.48055e-08  9.98301e-06
  1.3331e-05  8.52649e-07  1.62112e-05  1.84395e-07   0.00462406   0.00730881  1.24873e-08  2.98819e-10 -3.61104e-07  1.17141e-09 -0.000151976 -3.51418e-08  5.95387e-07 -4.43648e-07 -1.63285e-08 -7.62191e-05  1.51458e-07  1.83794e-06 -1.98216e-07  2.13309e-06 -4.92437e-07  2.87387e-08 -2.11116e-05  1.77629e-07   -0.0054129  -1.2932e-09   2.7549e-05
 3.27111e-06 -2.65058e-07  1.71596e-05  -2.1922e-06  -0.00117073  -0.00154765  7.70023e-09  -2.3966e-10  -1.3939e-06  2.02678e-09  3.52537e-05 -1.15166e-07 -7.36086e-07 -1.30898e-06 -8.06201e-09  -3.5355e-05  2.87454e-07 -9.08451e-07  9.81744e-08 -4.92437e-07  2.40451e-07  1.24927e-07  -0.00013451  8.05174e-07   0.00115919 -3.52197e-08  2.54194e-05
-0.000111084 -6.28353e-06 -6.38438e-05  1.58343e-05   0.00165433   0.00162176  4.87646e-07  4.52431e-09  -4.8355e-05  2.51508e-08 -3.29003e-05  -2.6134e-06  1.01452e-06 -4.62273e-05 -1.96822e-07  0.000155706  8.31451e-06 -5.47716e-07  5.27123e-08  2.87387e-08  1.24927e-07  4.85361e-06 -0.000219341  2.23018e-05   -0.0011741 -8.07321e-07   5.4493e-05
  -0.0678715 -0.000843161    -0.137294    0.0124534     -2.86824     -3.18861 -2.95882e-05  3.80692e-07   0.00305894 -1.09112e-05    0.0574597  0.000351557   0.00126776   0.00301388   6.2444e-05     0.430882 -0.000967201  0.000502901 -5.31058e-05 -2.11116e-05  -0.00013451 -0.000219341     0.817108  -0.00217792      2.28725  0.000114867    -0.194583
 -0.00037086 -2.64689e-05  2.92016e-05   5.0514e-05    0.0124525     0.012811  2.35421e-06  2.03922e-08 -0.000224796  1.44206e-07 -0.000246845 -1.25283e-05 -5.08091e-06 -0.000215839 -1.09215e-06  2.36698e-05  3.97425e-05 -3.41014e-06  3.36857e-07  1.77629e-07  8.05174e-07  2.23018e-05  -0.00217792  0.000105237  -0.00926852 -3.84949e-06  0.000531293
    -0.26598 -0.000260577    -0.514269    0.0338566     -42.3129     -49.7841 -0.000144886 -2.17086e-06    0.0150138 -3.82803e-05     0.895436   0.00148132   0.00128106     0.014931   0.00027596      1.46487  -0.00423295  -0.00432665  0.000469845   -0.0054129   0.00115919   -0.0011741      2.28725  -0.00926852      36.7166  0.000362014    -0.656721
 1.81056e-05  8.62012e-07  1.31902e-05 -2.67903e-06   -0.0004805 -0.000508802 -7.43614e-08 -7.07794e-10  8.07777e-06 -4.58954e-09  9.71718e-06  4.66851e-07 -4.12273e-07  7.69331e-06  3.38234e-08  2.11212e-05 -1.46014e-06  1.47283e-07 -1.48055e-08  -1.2932e-09 -3.52197e-08 -8.07321e-07  0.000114867 -3.84949e-06  0.000362014  1.48534e-07  -2.7555e-05
   0.0164495   0.00019818    0.0331439  -0.00296158     0.803526     0.910368   7.3323e-06 -7.76492e-08 -0.000754163  2.63205e-06    -0.016492 -8.56838e-05 -0.000293287   -0.0007439 -1.52909e-05    -0.103715  0.000236571 -9.50934e-05  9.98301e-06   2.7549e-05  2.54194e-05   5.4493e-05    -0.194583  0.000531293    -0.656721  -2.7555e-05    0.0467735
XtmVec:    2.44053     1852.78     206.969    0.167524     194.222     17.1197     7.67124 3.68661e+06     49282.7   0.0416867     44541.3     337.186     4155.21     588.302    0.490853     466.385     48.6618      381273     304.725      363697     31537.4     40.5189     39995.1     4076.45     26.9196     3.35155     3308.25
seedk:0.00896616        0.1  0.0800093    0.97867   0.571623   0.967247| cost:1.47906e+09
PSO begins!
current:0.00896616        0.1  0.0800093    0.97867   0.571623   0.967247 1.47906e+09
GBMAT from blind PSO:

 0.00896616         0.1   0.0800093     0.97867    0.571623    0.967247 1.47906e+09
 0.00896616         0.1   0.0800093     0.97867    0.571623    0.967247 1.47906e+09

truk:  0.1  0.1 0.95 0.17 0.05 0.18
total difference b/w truk and final GBVEC2.31097

blind PSO FINISHED RUNNING IN 21 s TIME!
truk:  0.1  0.1 0.95 0.17 0.05 0.18 with trukCost with new weights:0.288949
CODE FINISHED RUNNING IN 21 s TIME!
Job Statistics for 2453662:
           JobID       User               Start                 End    Elapsed     MaxRSS   TotalCPU      State Exit        NodeList                                  ReqTRES 
---------------- ---------- ------------------- ------------------- ---------- ---------- ---------- ---------- ---- --------------- ---------------------------------------- 
         2453662   rsjxw007 2022-01-24T21:31:21 2022-01-24T21:31:43   00:00:22             02:35.485  COMPLETED  0:0   r1pl-hpcf-n21     billing=14,cpu=14,mem=109368M,node=1 
   2453662.batch            2022-01-24T21:31:21 2022-01-24T21:31:43   00:00:22          0  02:35.483  COMPLETED  0:0   r1pl-hpcf-n21                                          
  2453662.extern            2022-01-24T21:31:21 2022-01-24T21:31:43   00:00:22          0  00:00.001  COMPLETED  0:0   r1pl-hpcf-n21                                          
CPU Efficiency: 50.32% of 00:05:08 core-walltime
