USING NONMIXED MOMENTS!!
nRuns:1
Using two part PSO Sample Size:5000 with:12 moments.
Using Times:0.5   2  10  20  30
Bounds for Uniform Distribution (0,1)
Blind PSO --> nParts:30 Nsteps:1500
Targeted PSO --> nParts:1 Nsteps:1
sdbeta:0.1
Reading in data!
Using starting row of data:0 and 5000 data pts!
first row X0:192.796 1463.27 5.25096 5.80954 435.297 6.25942
final row X0:466.793 2248.32 5.67464 5.17143 516.351 6.12202



HERE IS X:
5 0 0 0
0 0 3 0
0 1 3 0
1 0 0 1
Xinv
     0.2        0        0        0
       0       -1        1        0
       0 0.333333        0        0
    -0.2        0        0        1
Loading in Truk!
Calculating Yt!
truk cost:6.13882e+08
Weights:

w0
     86.7997     0.141244    -0.888999     0.261993   -0.0548678     0.715268     -6.15872    -2.35e-05  0.000191505   0.00538293     7.83e-05  0.000684087
    0.141244  0.000360411 -0.000344651  -0.00154115     -7.4e-05  -0.00122653  -0.00850432    -6.93e-08     8.29e-08      6.8e-06     1.07e-07     1.72e-06
   -0.888999 -0.000344651     0.388027    -0.788476 -0.000535901    -0.854192    0.0525143     4.24e-08    -3.56e-05  0.000165827     1.32e-07  0.000206748
    0.261993  -0.00154115    -0.788476      1.77075     0.017416      1.72995    0.0304137     2.73e-07     3.51e-06 -0.000638524    -2.77e-05    -6.27e-06
  -0.0548678     -7.4e-05 -0.000535901     0.017416   0.00363848 -0.000231918   0.00566777     1.11e-08    -2.27e-06    -6.97e-05    -7.01e-06     1.48e-05
    0.715268  -0.00122653    -0.854192      1.72995 -0.000231918      1.92862   -0.0272078     2.33e-07     9.64e-05 -0.000493512     2.44e-06 -0.000704513
    -6.15872  -0.00850432    0.0525143    0.0304137   0.00566777   -0.0272078     0.528329     1.35e-06    -3.02e-05 -0.000518861    -8.31e-06     6.07e-06
   -2.35e-05    -6.93e-08     4.24e-08     2.73e-07     1.11e-08     2.33e-07     1.35e-06      1.4e-11    -4.31e-12    -1.08e-09    -1.69e-11    -3.11e-10
 0.000191505     8.29e-08    -3.56e-05     3.51e-06    -2.27e-06     9.64e-05    -3.02e-05    -4.31e-12     7.71e-08    -3.94e-07     4.41e-09    -4.87e-07
  0.00538293      6.8e-06  0.000165827 -0.000638524    -6.97e-05 -0.000493512 -0.000518861    -1.08e-09    -3.94e-07      7.2e-06     1.07e-07     2.63e-06
    7.83e-05     1.07e-07     1.32e-07    -2.77e-05    -7.01e-06     2.44e-06    -8.31e-06    -1.69e-11     4.41e-09     1.07e-07     1.51e-08    -2.91e-08
 0.000684087     1.72e-06  0.000206748    -6.27e-06     1.48e-05 -0.000704513     6.07e-06    -3.11e-10    -4.87e-07     2.63e-06    -2.91e-08     3.62e-06
w1
     1.81747   0.00839929      1.91975     -1.04796    0.0364934     -1.23652  -0.00220902    -1.83e-06 -0.000237704  0.000113114 -0.000112696  0.000141656
  0.00839929  0.000110953   0.00647808  -0.00351061  0.000140565  -0.00415314    -1.61e-05    -2.86e-08    -8.65e-07     3.79e-07    -4.31e-07     4.78e-07
     1.91975   0.00647808      3.09305     -1.69299    0.0526982     -1.98902  0.000554789    -1.29e-06 -0.000368559  0.000193724 -0.000163128  0.000224239
    -1.04796  -0.00351061     -1.69299     0.927745   -0.0280349      1.08979 -0.000321612     6.98e-07  0.000198086 -0.000105968      8.7e-05 -0.000122758
   0.0364934  0.000140565    0.0526982   -0.0280349   0.00601183   -0.0340862     4.06e-06    -2.92e-08    -5.24e-06     1.78e-06    -2.12e-05     3.28e-06
    -1.23652  -0.00415314     -1.98902      1.08979   -0.0340862      1.28541  -0.00036668     8.24e-07  0.000231011 -0.000123296  0.000106044 -0.000153886
 -0.00220902    -1.61e-05  0.000554789 -0.000321612     4.06e-06  -0.00036668     1.14e-05     3.79e-09     4.83e-08     3.49e-08    -1.24e-08     2.09e-08
   -1.83e-06    -2.86e-08    -1.29e-06     6.98e-07    -2.92e-08     8.24e-07     3.79e-09     7.81e-12     1.76e-10    -7.61e-11     8.79e-11    -9.44e-11
-0.000237704    -8.65e-07 -0.000368559  0.000198086    -5.24e-06  0.000231011     4.83e-08     1.76e-10     6.82e-08    -2.89e-08     1.61e-08    -2.89e-08
 0.000113114     3.79e-07  0.000193724 -0.000105968     1.78e-06 -0.000123296     3.49e-08    -7.61e-11    -2.89e-08      1.5e-08    -5.74e-09     1.49e-08
-0.000112696    -4.31e-07 -0.000163128      8.7e-05    -2.12e-05  0.000106044    -1.24e-08     8.79e-11     1.61e-08    -5.74e-09     8.95e-08    -1.12e-08
 0.000141656     4.78e-07  0.000224239 -0.000122758     3.28e-06 -0.000153886     2.09e-08    -9.44e-11    -2.89e-08     1.49e-08    -1.12e-08     3.93e-08
w2
   0.0114143  0.000264951    0.0155657  -0.00135256   0.00342051  -0.00298218    -1.43e-05    -9.39e-08    -1.87e-05     1.81e-07    -2.93e-05     7.64e-07
 0.000264951     5.54e-05  0.000212319    -3.25e-07  0.000439947    -3.16e-05    -3.99e-07    -2.36e-08    -3.71e-07    -1.07e-09    -3.12e-06     1.44e-08
   0.0155657  0.000212319    0.0274945  -0.00193459    0.0100571  -0.00461738    -1.78e-05    -6.99e-08    -4.35e-05     2.68e-07 -0.000105543     1.65e-06
 -0.00135256    -3.25e-07  -0.00193459  0.000256116   0.00344358  0.000414033     1.59e-06     1.59e-09     2.03e-06    -4.78e-08    -4.23e-05    -1.05e-07
  0.00342051  0.000439947    0.0100571   0.00344358      1.50346  0.000284412    -2.32e-06    -1.93e-07    -2.12e-05    -1.06e-06   -0.0207171    -8.38e-06
 -0.00298218    -3.16e-05  -0.00461738  0.000414033  0.000284412   0.00279368     3.38e-06      8.5e-09     5.75e-06    -5.76e-08     9.15e-06    -3.58e-06
   -1.43e-05    -3.99e-07    -1.78e-05     1.59e-06    -2.32e-06     3.38e-06        2e-08     1.43e-10      2.1e-08    -2.24e-10     1.27e-08    -7.82e-10
   -9.39e-08    -2.36e-08    -6.99e-08     1.59e-09    -1.93e-07      8.5e-09     1.43e-10     1.16e-11      1.3e-10    -1.16e-13     1.11e-09     -2.9e-12
   -1.87e-05    -3.71e-07    -4.35e-05     2.03e-06    -2.12e-05     5.75e-06      2.1e-08      1.3e-10     9.29e-08    -3.06e-10      2.3e-07     -3.2e-09
    1.81e-07    -1.07e-09     2.68e-07    -4.78e-08    -1.06e-06    -5.76e-08    -2.24e-10    -1.16e-13    -3.06e-10     1.15e-11     1.27e-08     1.58e-11
   -2.93e-05    -3.12e-06 -0.000105543    -4.23e-05   -0.0207171     9.15e-06     1.27e-08     1.11e-09      2.3e-07     1.27e-08  0.000325591     7.68e-08
    7.64e-07     1.44e-08     1.65e-06    -1.05e-07    -8.38e-06    -3.58e-06    -7.82e-10     -2.9e-12     -3.2e-09     1.58e-11     7.68e-08      6.5e-09
w3
  0.00317974  0.000142793   0.00568608 -0.000138956    0.0168298 -0.000996564    -5.77e-06     -5.6e-08    -1.32e-05     2.17e-08 -0.000443844     4.85e-07
 0.000142793  0.000167611 -0.000252244     2.78e-05  0.000244376     3.92e-05    -2.81e-07    -9.52e-08    -1.47e-07     -5.7e-09  0.000115807     2.86e-08
  0.00568608 -0.000252244    0.0281779 -0.000229373    0.0540436  -0.00497289    -9.37e-06     1.39e-07  -0.00010614     3.49e-08  -0.00158658     4.55e-06
-0.000138956     2.78e-05 -0.000229373  0.000123427    0.0224634     4.94e-05     2.47e-07    -1.02e-08    -7.97e-08       -3e-08 -0.000700668    -8.29e-09
   0.0168298  0.000244376    0.0540436    0.0224634      25.3573  -0.00276576    -2.58e-05    -2.45e-06  -0.00010044    -5.18e-06    -0.886792    -6.28e-05
-0.000996564     3.92e-05  -0.00497289     4.94e-05  -0.00276576   0.00275027     1.62e-06    -2.21e-08     1.83e-05    -7.01e-09  0.000107571    -4.04e-06
   -5.77e-06    -2.81e-07    -9.37e-06     2.47e-07    -2.58e-05     1.62e-06     1.14e-08     1.12e-10     2.16e-08     -4.3e-11     6.57e-07    -7.52e-10
    -5.6e-08    -9.52e-08     1.39e-07    -1.02e-08    -2.45e-06    -2.21e-08     1.12e-10     6.27e-11     7.45e-11     1.93e-12    -1.74e-08    -1.18e-11
   -1.32e-05    -1.47e-07  -0.00010614    -7.97e-08  -0.00010044     1.83e-05     2.16e-08     7.45e-11      4.9e-07     2.29e-11     2.01e-06    -2.15e-08
    2.17e-08     -5.7e-09     3.49e-08       -3e-08    -5.18e-06    -7.01e-09     -4.3e-11     1.93e-12     2.29e-11     7.69e-12      1.6e-07     2.63e-13
-0.000443844  0.000115807  -0.00158658 -0.000700668    -0.886792  0.000107571     6.57e-07    -1.74e-08     2.01e-06      1.6e-07     0.035315     2.15e-06
    4.85e-07     2.86e-08     4.55e-06    -8.29e-09    -6.28e-05    -4.04e-06    -7.52e-10    -1.18e-11    -2.15e-08     2.63e-13     2.15e-06     7.27e-09
w4
  0.00215143  0.000130403    0.0050308    -3.81e-05    0.0250193 -0.000885834    -4.22e-06    -5.43e-08    -1.43e-05     5.44e-09 -0.000835138     4.74e-07
 0.000130403  0.000482096  -0.00140302     3.65e-05    0.0125614  0.000266677    -2.55e-07    -3.03e-07    -6.67e-07    -7.12e-09    -1.34e-05    -1.54e-08
   0.0050308  -0.00140302     0.110978 -0.000140727    0.0953145   -0.0214345     -8.9e-06     7.91e-07 -0.000582493     2.34e-08  -0.00400613     2.35e-05
   -3.81e-05     3.65e-05 -0.000140727  0.000124701    0.0414479     1.63e-05     7.52e-08    -2.15e-08    -1.99e-07    -2.94e-08  -0.00154343    -9.87e-09
   0.0250193    0.0125614    0.0953145    0.0414479      71.4938   -0.0320345    -4.41e-05    -2.84e-05    -7.67e-06    -8.59e-06     -2.86035    -9.93e-05
-0.000885834  0.000266677   -0.0214345     1.63e-05   -0.0320345   0.00600921     1.55e-06    -1.35e-07  0.000111722     -1.8e-09   0.00126789    -7.72e-06
   -4.22e-06    -2.55e-07     -8.9e-06     7.52e-08    -4.41e-05     1.55e-06     9.03e-09     1.06e-10      2.5e-08     -1.3e-11     1.47e-06    -7.97e-10
   -5.43e-08    -3.03e-07     7.91e-07    -2.15e-08    -2.84e-05    -1.35e-07     1.06e-10     2.25e-10     1.97e-10     3.92e-12      6.4e-07     1.68e-11
   -1.43e-05    -6.67e-07 -0.000582493    -1.99e-07    -7.67e-06  0.000111722      2.5e-08     1.97e-10     3.52e-06     2.81e-11    -1.32e-06    -1.41e-07
    5.44e-09    -7.12e-09     2.34e-08    -2.94e-08    -8.59e-06     -1.8e-09     -1.3e-11     3.92e-12     2.81e-11     7.23e-12     3.16e-07     9.75e-13
-0.000835138    -1.34e-05  -0.00400613  -0.00154343     -2.86035   0.00126789     1.47e-06      6.4e-07    -1.32e-06     3.16e-07     0.129144     4.19e-06
    4.74e-07    -1.54e-08     2.35e-05    -9.87e-09    -9.93e-05    -7.72e-06    -7.97e-10     1.68e-11    -1.41e-07     9.75e-13     4.19e-06     1.19e-08
XtmVec: 0.0677709    1851.88    209.342   0.787681    196.315    15.0263  0.0059243 3.6838e+06    50433.9   0.829963    45317.2      232.3
XtmVec:  0.0683284     1841.83     209.341     0.95694     186.437     24.9046  0.00606237 3.64705e+06     50433.5     1.38034     41554.2     681.901
XtmVec:   0.068967     1830.73      209.34      1.2445     175.622     35.7199  0.00622785 3.60679e+06     50433.1      4.2254     37742.8     1465.66
XtmVec:  0.0689957     1830.29      209.34     1.28704     175.226     36.1156  0.00623671 3.60523e+06     50433.1     7.54903     37614.6     1500.75
XtmVec:  0.0689988     1830.26      209.34     1.30798     175.218     36.1233  0.00623787 3.60514e+06     50433.1     11.6494     37612.6     1501.53
seedk: 0.315832       0.1 0.0739022   0.13876  0.189684  0.428219| cost:60734.1
PSO begins!
current: 0.315832       0.1 0.0739022   0.13876  0.189684  0.428219 60734.1
overflow!
underflow!0.00482009
pos  0.580614        0.1    0.47368   0.918092   0.960804 0.00482009
current:0.0983231       0.1  0.625403  0.237049  0.568308 0.0907731 7.82434
current: 0.634038       0.1  0.867483  0.778175  0.952814 0.0719858 5.18999
current: 0.634038       0.1  0.867483  0.778175  0.952814 0.0719858 5.18999
current:0.339002      0.1 0.814727 0.762492 0.720959 0.144942 0.775241
current:0.0389212       0.1  0.861278   0.80726  0.961373  0.100366 0.310078
current:0.0389212       0.1  0.861278   0.80726  0.961373  0.100366 0.310078
current:0.0389212       0.1  0.861278   0.80726  0.961373  0.100366 0.310078
current:0.0389212       0.1  0.861278   0.80726  0.961373  0.100366 0.310078
current:0.0389212       0.1  0.861278   0.80726  0.961373  0.100366 0.310078
current:0.0389212       0.1  0.861278   0.80726  0.961373  0.100366 0.310078
current:0.0389212       0.1  0.861278   0.80726  0.961373  0.100366 0.310078
current:0.974936      0.1 0.882266 0.728227 0.923817 0.141236 0.209265
current:0.974936      0.1 0.882266 0.728227 0.923817 0.141236 0.209265
current:0.974936      0.1 0.882266 0.728227 0.923817 0.141236 0.209265
current:0.974936      0.1 0.882266 0.728227 0.923817 0.141236 0.209265
current:0.0878716       0.1  0.934246  0.570933  0.499904  0.171505 0.158097
underflow!0.00421506
pos 0.0122743        0.1   0.820315   0.743958 0.00421506   0.155541
current:0.0878716       0.1  0.934246  0.570933  0.499904  0.171505 0.158097
current: 0.31573      0.1 0.899248  0.63024  0.78113  0.15332 0.124515
current: 0.31573      0.1 0.899248  0.63024  0.78113  0.15332 0.124515
overflow!
current: 0.31573      0.1 0.899248  0.63024  0.78113  0.15332 0.124515
current: 0.31573      0.1 0.899248  0.63024  0.78113  0.15332 0.124515
current: 0.31573      0.1 0.899248  0.63024  0.78113  0.15332 0.124515
current: 0.31573      0.1 0.899248  0.63024  0.78113  0.15332 0.124515
current: 0.31573      0.1 0.899248  0.63024  0.78113  0.15332 0.124515
current: 0.31573      0.1 0.899248  0.63024  0.78113  0.15332 0.124515
current:0.147204      0.1  0.93859 0.589745 0.845516 0.182349 0.116723
current:0.227007      0.1  0.93538 0.585845 0.771239 0.172014 0.0535028
overflow!
current:0.227007      0.1  0.93538 0.585845 0.771239 0.172014 0.0535028
current:0.227007      0.1  0.93538 0.585845 0.771239 0.172014 0.0535028
current:0.227007      0.1  0.93538 0.585845 0.771239 0.172014 0.0535028
overflow!
current:0.227007      0.1  0.93538 0.585845 0.771239 0.172014 0.0535028
current:0.117229      0.1 0.906154 0.675727 0.844247  0.14867 0.051152
current:0.117229      0.1 0.906154 0.675727 0.844247  0.14867 0.051152
current:0.117229      0.1 0.906154 0.675727 0.844247  0.14867 0.051152
overflow!
current:0.117229      0.1 0.906154 0.675727 0.844247  0.14867 0.051152
current:0.117229      0.1 0.906154 0.675727 0.844247  0.14867 0.051152
underflow!0.00164239
pos0.00164239        0.1   0.891604   0.709483   0.204399   0.284585
current:0.117229      0.1 0.906154 0.675727 0.844247  0.14867 0.051152
current:0.117229      0.1 0.906154 0.675727 0.844247  0.14867 0.051152
current:0.117229      0.1 0.906154 0.675727 0.844247  0.14867 0.051152
overflow!
current:0.117229      0.1 0.906154 0.675727 0.844247  0.14867 0.051152
current:0.117229      0.1 0.906154 0.675727 0.844247  0.14867 0.051152
current:0.117229      0.1 0.906154 0.675727 0.844247  0.14867 0.051152
current:0.117229      0.1 0.906154 0.675727 0.844247  0.14867 0.051152
current:0.126603      0.1 0.932768 0.579008 0.727549  0.16955 0.0281124
current:0.126603      0.1 0.932768 0.579008 0.727549  0.16955 0.0281124
current:0.126603      0.1 0.932768 0.579008 0.727549  0.16955 0.0281124
current:0.126603      0.1 0.932768 0.579008 0.727549  0.16955 0.0281124
current:0.126603      0.1 0.932768 0.579008 0.727549  0.16955 0.0281124
overflow!
current:0.126603      0.1 0.932768 0.579008 0.727549  0.16955 0.0281124
current:0.126603      0.1 0.932768 0.579008 0.727549  0.16955 0.0281124
current:0.126603      0.1 0.932768 0.579008 0.727549  0.16955 0.0281124
overflow!
current:0.126603      0.1 0.932768 0.579008 0.727549  0.16955 0.0281124
current:0.126603      0.1 0.932768 0.579008 0.727549  0.16955 0.0281124
current:0.126603      0.1 0.932768 0.579008 0.727549  0.16955 0.0281124
current:0.126603      0.1 0.932768 0.579008 0.727549  0.16955 0.0281124
overflow!
current:0.126603      0.1 0.932768 0.579008 0.727549  0.16955 0.0281124
current:0.126603      0.1 0.932768 0.579008 0.727549  0.16955 0.0281124
current:0.126603      0.1 0.932768 0.579008 0.727549  0.16955 0.0281124
current:0.126603      0.1 0.932768 0.579008 0.727549  0.16955 0.0281124
current:0.126603      0.1 0.932768 0.579008 0.727549  0.16955 0.0281124
underflow!0.00244015
pos0.00244015        0.1   0.901356    0.64836   0.331328   0.140158
overflow!
current:0.126603      0.1 0.932768 0.579008 0.727549  0.16955 0.0281124
underflow!0.00344233
pos  0.504303        0.1   0.912288   0.639422 0.00344233   0.140503
current:0.126603      0.1 0.932768 0.579008 0.727549  0.16955 0.0281124
current:0.126603      0.1 0.932768 0.579008 0.727549  0.16955 0.0281124
current:0.126603      0.1 0.932768 0.579008 0.727549  0.16955 0.0281124
current:0.126603      0.1 0.932768 0.579008 0.727549  0.16955 0.0281124
current:0.126603      0.1 0.932768 0.579008 0.727549  0.16955 0.0281124
current:0.126603      0.1 0.932768 0.579008 0.727549  0.16955 0.0281124
current:0.126603      0.1 0.932768 0.579008 0.727549  0.16955 0.0281124
current:0.126603      0.1 0.932768 0.579008 0.727549  0.16955 0.0281124
current:0.126603      0.1 0.932768 0.579008 0.727549  0.16955 0.0281124
overflow!
current:0.126603      0.1 0.932768 0.579008 0.727549  0.16955 0.0281124
overflow!
current:0.126603      0.1 0.932768 0.579008 0.727549  0.16955 0.0281124
current:0.126603      0.1 0.932768 0.579008 0.727549  0.16955 0.0281124
current:0.126603      0.1 0.932768 0.579008 0.727549  0.16955 0.0281124
current:0.126603      0.1 0.932768 0.579008 0.727549  0.16955 0.0281124
current:0.126603      0.1 0.932768 0.579008 0.727549  0.16955 0.0281124
current:0.126603      0.1 0.932768 0.579008 0.727549  0.16955 0.0281124
current:0.126603      0.1 0.932768 0.579008 0.727549  0.16955 0.0281124
current:0.126603      0.1 0.932768 0.579008 0.727549  0.16955 0.0281124
current:0.126603      0.1 0.932768 0.579008 0.727549  0.16955 0.0281124
overflow!
current:0.126603      0.1 0.932768 0.579008 0.727549  0.16955 0.0281124
current:0.126603      0.1 0.932768 0.579008 0.727549  0.16955 0.0281124
current:0.126603      0.1 0.932768 0.579008 0.727549  0.16955 0.0281124
current:0.126603      0.1 0.932768 0.579008 0.727549  0.16955 0.0281124
current:0.126603      0.1 0.932768 0.579008 0.727549  0.16955 0.0281124
underflow!0.00336367
pos  0.610299        0.1   0.926735   0.558825 0.00336367   0.165505
current:0.126603      0.1 0.932768 0.579008 0.727549  0.16955 0.0281124
current:0.126603      0.1 0.932768 0.579008 0.727549  0.16955 0.0281124
overflow!
overflow!
current:0.126603      0.1 0.932768 0.579008 0.727549  0.16955 0.0281124
current:0.0994735       0.1  0.929506  0.679879  0.856915  0.163909 0.0261775
current:0.0994735       0.1  0.929506  0.679879  0.856915  0.163909 0.0261775
current:0.0994735       0.1  0.929506  0.679879  0.856915  0.163909 0.0261775
current:0.0994735       0.1  0.929506  0.679879  0.856915  0.163909 0.0261775
underflow!0.000825885
pos0.000825885         0.1    0.939534    0.651007    0.219993     0.15474
current:0.0994735       0.1  0.929506  0.679879  0.856915  0.163909 0.0261775
overflow!
current:0.0994735       0.1  0.929506  0.679879  0.856915  0.163909 0.0261775
current:0.0994735       0.1  0.929506  0.679879  0.856915  0.163909 0.0261775
current:0.0994735       0.1  0.929506  0.679879  0.856915  0.163909 0.0261775
current:0.0994735       0.1  0.929506  0.679879  0.856915  0.163909 0.0261775
current:0.0994735       0.1  0.929506  0.679879  0.856915  0.163909 0.0261775
current:0.0994735       0.1  0.929506  0.679879  0.856915  0.163909 0.0261775
current:0.0994735       0.1  0.929506  0.679879  0.856915  0.163909 0.0261775
current:0.0994735       0.1  0.929506  0.679879  0.856915  0.163909 0.0261775
current:0.0994735       0.1  0.929506  0.679879  0.856915  0.163909 0.0261775
current:0.0994735       0.1  0.929506  0.679879  0.856915  0.163909 0.0261775
current: 0.10657      0.1 0.930588   0.6589 0.867816 0.165825 0.0236882
current: 0.10657      0.1 0.930588   0.6589 0.867816 0.165825 0.0236882
current: 0.10657      0.1 0.930588   0.6589 0.867816 0.165825 0.0236882
current: 0.10657      0.1 0.930588   0.6589 0.867816 0.165825 0.0236882
current: 0.10657      0.1 0.930588   0.6589 0.867816 0.165825 0.0236882
current: 0.10657      0.1 0.930588   0.6589 0.867816 0.165825 0.0236882
current: 0.10657      0.1 0.930588   0.6589 0.867816 0.165825 0.0236882
current: 0.10657      0.1 0.930588   0.6589 0.867816 0.165825 0.0236882
overflow!
current: 0.10657      0.1 0.930588   0.6589 0.867816 0.165825 0.0236882
current: 0.10657      0.1 0.930588   0.6589 0.867816 0.165825 0.0236882
underflow!0.00296951
pos  0.437863        0.1   0.920303   0.581474 0.00296951   0.158289
current: 0.10657      0.1 0.930588   0.6589 0.867816 0.165825 0.0236882
current: 0.10657      0.1 0.930588   0.6589 0.867816 0.165825 0.0236882
current: 0.10657      0.1 0.930588   0.6589 0.867816 0.165825 0.0236882
current: 0.10657      0.1 0.930588   0.6589 0.867816 0.165825 0.0236882
current: 0.10657      0.1 0.930588   0.6589 0.867816 0.165825 0.0236882
current: 0.10657      0.1 0.930588   0.6589 0.867816 0.165825 0.0236882
overflow!
current: 0.10657      0.1 0.930588   0.6589 0.867816 0.165825 0.0236882
current: 0.10657      0.1 0.930588   0.6589 0.867816 0.165825 0.0236882
current: 0.10657      0.1 0.930588   0.6589 0.867816 0.165825 0.0236882
overflow!
current: 0.10657      0.1 0.930588   0.6589 0.867816 0.165825 0.0236882
current: 0.10657      0.1 0.930588   0.6589 0.867816 0.165825 0.0236882
current: 0.10657      0.1 0.930588   0.6589 0.867816 0.165825 0.0236882
overflow!
current: 0.10657      0.1 0.930588   0.6589 0.867816 0.165825 0.0236882
current: 0.10657      0.1 0.930588   0.6589 0.867816 0.165825 0.0236882
current: 0.10657      0.1 0.930588   0.6589 0.867816 0.165825 0.0236882
current: 0.10657      0.1 0.930588   0.6589 0.867816 0.165825 0.0236882
current: 0.10657      0.1 0.930588   0.6589 0.867816 0.165825 0.0236882
current: 0.10657      0.1 0.930588   0.6589 0.867816 0.165825 0.0236882
current: 0.10657      0.1 0.930588   0.6589 0.867816 0.165825 0.0236882
current: 0.10657      0.1 0.930588   0.6589 0.867816 0.165825 0.0236882
current: 0.10657      0.1 0.930588   0.6589 0.867816 0.165825 0.0236882
current: 0.10657      0.1 0.930588   0.6589 0.867816 0.165825 0.0236882
overflow!
current: 0.10657      0.1 0.930588   0.6589 0.867816 0.165825 0.0236882
current: 0.10657      0.1 0.930588   0.6589 0.867816 0.165825 0.0236882
current: 0.10657      0.1 0.930588   0.6589 0.867816 0.165825 0.0236882
current: 0.10657      0.1 0.930588   0.6589 0.867816 0.165825 0.0236882
current: 0.10657      0.1 0.930588   0.6589 0.867816 0.165825 0.0236882
underflow!0.0028213
pos0.0028213       0.1  0.907505  0.592939  0.440068   0.22094
current: 0.10657      0.1 0.930588   0.6589 0.867816 0.165825 0.0236882
current: 0.10657      0.1 0.930588   0.6589 0.867816 0.165825 0.0236882
overflow!
underflow!0.00302953
pos0.00302953        0.1   0.927307   0.571836   0.904664   0.152077
current: 0.10657      0.1 0.930588   0.6589 0.867816 0.165825 0.0236882
current: 0.10657      0.1 0.930588   0.6589 0.867816 0.165825 0.0236882
current: 0.10657      0.1 0.930588   0.6589 0.867816 0.165825 0.0236882
current: 0.10657      0.1 0.930588   0.6589 0.867816 0.165825 0.0236882
current: 0.10657      0.1 0.930588   0.6589 0.867816 0.165825 0.0236882
current: 0.10657      0.1 0.930588   0.6589 0.867816 0.165825 0.0236882
current: 0.10657      0.1 0.930588   0.6589 0.867816 0.165825 0.0236882
current: 0.10657      0.1 0.930588   0.6589 0.867816 0.165825 0.0236882
current: 0.10657      0.1 0.930588   0.6589 0.867816 0.165825 0.0236882
underflow!0.00223687
pos  0.552454        0.1   0.933143   0.621831 0.00223687   0.136416
current: 0.10657      0.1 0.930588   0.6589 0.867816 0.165825 0.0236882
current: 0.10657      0.1 0.930588   0.6589 0.867816 0.165825 0.0236882
current: 0.10657      0.1 0.930588   0.6589 0.867816 0.165825 0.0236882
current: 0.10657      0.1 0.930588   0.6589 0.867816 0.165825 0.0236882
overflow!
current: 0.10657      0.1 0.930588   0.6589 0.867816 0.165825 0.0236882
current: 0.10657      0.1 0.930588   0.6589 0.867816 0.165825 0.0236882
current: 0.10657      0.1 0.930588   0.6589 0.867816 0.165825 0.0236882
current: 0.10657      0.1 0.930588   0.6589 0.867816 0.165825 0.0236882
current: 0.10657      0.1 0.930588   0.6589 0.867816 0.165825 0.0236882
current: 0.10657      0.1 0.930588   0.6589 0.867816 0.165825 0.0236882
overflow!
current: 0.10657      0.1 0.930588   0.6589 0.867816 0.165825 0.0236882
current: 0.10657      0.1 0.930588   0.6589 0.867816 0.165825 0.0236882
current: 0.10657      0.1 0.930588   0.6589 0.867816 0.165825 0.0236882
current: 0.10657      0.1 0.930588   0.6589 0.867816 0.165825 0.0236882
current: 0.10657      0.1 0.930588   0.6589 0.867816 0.165825 0.0236882
current: 0.10657      0.1 0.930588   0.6589 0.867816 0.165825 0.0236882
current: 0.10657      0.1 0.930588   0.6589 0.867816 0.165825 0.0236882
overflow!
current: 0.10657      0.1 0.930588   0.6589 0.867816 0.165825 0.0236882
underflow!0.00398097
pos  0.737657        0.1   0.949347   0.706762 0.00398097    0.15996
overflow!
current: 0.10657      0.1 0.930588   0.6589 0.867816 0.165825 0.0236882
current: 0.10657      0.1 0.930588   0.6589 0.867816 0.165825 0.0236882
current: 0.10657      0.1 0.930588   0.6589 0.867816 0.165825 0.0236882
current: 0.10657      0.1 0.930588   0.6589 0.867816 0.165825 0.0236882
overflow!
current: 0.10657      0.1 0.930588   0.6589 0.867816 0.165825 0.0236882
underflow!0.0043604
pos 0.638883       0.1  0.938277  0.631683 0.0043604  0.170097
current: 0.10657      0.1 0.930588   0.6589 0.867816 0.165825 0.0236882
current: 0.10657      0.1 0.930588   0.6589 0.867816 0.165825 0.0236882
current: 0.10657      0.1 0.930588   0.6589 0.867816 0.165825 0.0236882
current: 0.10657      0.1 0.930588   0.6589 0.867816 0.165825 0.0236882
overflow!
current: 0.10657      0.1 0.930588   0.6589 0.867816 0.165825 0.0236882
current: 0.10657      0.1 0.930588   0.6589 0.867816 0.165825 0.0236882
current: 0.10657      0.1 0.930588   0.6589 0.867816 0.165825 0.0236882
overflow!
current: 0.10657      0.1 0.930588   0.6589 0.867816 0.165825 0.0236882
current: 0.10657      0.1 0.930588   0.6589 0.867816 0.165825 0.0236882
current: 0.10657      0.1 0.930588   0.6589 0.867816 0.165825 0.0236882
current: 0.10657      0.1 0.930588   0.6589 0.867816 0.165825 0.0236882
current: 0.10657      0.1 0.930588   0.6589 0.867816 0.165825 0.0236882
current: 0.10657      0.1 0.930588   0.6589 0.867816 0.165825 0.0236882
current: 0.10657      0.1 0.930588   0.6589 0.867816 0.165825 0.0236882
current: 0.10657      0.1 0.930588   0.6589 0.867816 0.165825 0.0236882
current: 0.10657      0.1 0.930588   0.6589 0.867816 0.165825 0.0236882
current: 0.10657      0.1 0.930588   0.6589 0.867816 0.165825 0.0236882
current: 0.10657      0.1 0.930588   0.6589 0.867816 0.165825 0.0236882
current: 0.10657      0.1 0.930588   0.6589 0.867816 0.165825 0.0236882
current: 0.10657      0.1 0.930588   0.6589 0.867816 0.165825 0.0236882
current: 0.10657      0.1 0.930588   0.6589 0.867816 0.165825 0.0236882
current: 0.10657      0.1 0.930588   0.6589 0.867816 0.165825 0.0236882
current: 0.10657      0.1 0.930588   0.6589 0.867816 0.165825 0.0236882
current: 0.10657      0.1 0.930588   0.6589 0.867816 0.165825 0.0236882
current: 0.10657      0.1 0.930588   0.6589 0.867816 0.165825 0.0236882
current: 0.10657      0.1 0.930588   0.6589 0.867816 0.165825 0.0236882
current: 0.10657      0.1 0.930588   0.6589 0.867816 0.165825 0.0236882
current: 0.10657      0.1 0.930588   0.6589 0.867816 0.165825 0.0236882
underflow!0.00414356
pos  0.747688        0.1   0.940728   0.688227 0.00414356  0.0745669
current: 0.10657      0.1 0.930588   0.6589 0.867816 0.165825 0.0236882
current: 0.10657      0.1 0.930588   0.6589 0.867816 0.165825 0.0236882
current: 0.10657      0.1 0.930588   0.6589 0.867816 0.165825 0.0236882
current: 0.10657      0.1 0.930588   0.6589 0.867816 0.165825 0.0236882
current: 0.10657      0.1 0.930588   0.6589 0.867816 0.165825 0.0236882
current: 0.10657      0.1 0.930588   0.6589 0.867816 0.165825 0.0236882
current: 0.10657      0.1 0.930588   0.6589 0.867816 0.165825 0.0236882
current: 0.10657      0.1 0.930588   0.6589 0.867816 0.165825 0.0236882
current: 0.10657      0.1 0.930588   0.6589 0.867816 0.165825 0.0236882
current: 0.10657      0.1 0.930588   0.6589 0.867816 0.165825 0.0236882
current: 0.10657      0.1 0.930588   0.6589 0.867816 0.165825 0.0236882
underflow!0.00417532
pos  0.975598        0.1   0.928682   0.789412 0.00417532   0.244366
current: 0.10657      0.1 0.930588   0.6589 0.867816 0.165825 0.0236882
current: 0.10657      0.1 0.930588   0.6589 0.867816 0.165825 0.0236882
current: 0.10657      0.1 0.930588   0.6589 0.867816 0.165825 0.0236882
current: 0.10657      0.1 0.930588   0.6589 0.867816 0.165825 0.0236882
current: 0.10657      0.1 0.930588   0.6589 0.867816 0.165825 0.0236882
current: 0.10657      0.1 0.930588   0.6589 0.867816 0.165825 0.0236882
current: 0.10657      0.1 0.930588   0.6589 0.867816 0.165825 0.0236882
current: 0.10657      0.1 0.930588   0.6589 0.867816 0.165825 0.0236882
current: 0.10657      0.1 0.930588   0.6589 0.867816 0.165825 0.0236882
current: 0.10657      0.1 0.930588   0.6589 0.867816 0.165825 0.0236882
current: 0.10657      0.1 0.930588   0.6589 0.867816 0.165825 0.0236882
current: 0.10657      0.1 0.930588   0.6589 0.867816 0.165825 0.0236882
current: 0.10657      0.1 0.930588   0.6589 0.867816 0.165825 0.0236882
current: 0.10657      0.1 0.930588   0.6589 0.867816 0.165825 0.0236882
current: 0.10657      0.1 0.930588   0.6589 0.867816 0.165825 0.0236882
current: 0.10657      0.1 0.930588   0.6589 0.867816 0.165825 0.0236882
current: 0.10657      0.1 0.930588   0.6589 0.867816 0.165825 0.0236882
current: 0.10657      0.1 0.930588   0.6589 0.867816 0.165825 0.0236882
current: 0.10657      0.1 0.930588   0.6589 0.867816 0.165825 0.0236882
current: 0.10657      0.1 0.930588   0.6589 0.867816 0.165825 0.0236882
current: 0.10657      0.1 0.930588   0.6589 0.867816 0.165825 0.0236882
current: 0.10657      0.1 0.930588   0.6589 0.867816 0.165825 0.0236882
current: 0.10657      0.1 0.930588   0.6589 0.867816 0.165825 0.0236882
current: 0.10657      0.1 0.930588   0.6589 0.867816 0.165825 0.0236882
overflow!
current: 0.10657      0.1 0.930588   0.6589 0.867816 0.165825 0.0236882
current: 0.10657      0.1 0.930588   0.6589 0.867816 0.165825 0.0236882
current: 0.10657      0.1 0.930588   0.6589 0.867816 0.165825 0.0236882
current: 0.10657      0.1 0.930588   0.6589 0.867816 0.165825 0.0236882
current: 0.10657      0.1 0.930588   0.6589 0.867816 0.165825 0.0236882
current: 0.10657      0.1 0.930588   0.6589 0.867816 0.165825 0.0236882
current: 0.10657      0.1 0.930588   0.6589 0.867816 0.165825 0.0236882
current: 0.10657      0.1 0.930588   0.6589 0.867816 0.165825 0.0236882
current: 0.10657      0.1 0.930588   0.6589 0.867816 0.165825 0.0236882
overflow!
current: 0.10657      0.1 0.930588   0.6589 0.867816 0.165825 0.0236882
underflow!0.00296431
pos0.00296431        0.1   0.937732     0.5906   0.542116   0.166913
current: 0.10657      0.1 0.930588   0.6589 0.867816 0.165825 0.0236882
current: 0.10657      0.1 0.930588   0.6589 0.867816 0.165825 0.0236882
current: 0.10657      0.1 0.930588   0.6589 0.867816 0.165825 0.0236882
current: 0.10657      0.1 0.930588   0.6589 0.867816 0.165825 0.0236882
underflow!0.000635291
pos   0.871723         0.1    0.937642    0.660961 0.000635291    0.165283
current: 0.10657      0.1 0.930588   0.6589 0.867816 0.165825 0.0236882
current: 0.10657      0.1 0.930588   0.6589 0.867816 0.165825 0.0236882
current: 0.10657      0.1 0.930588   0.6589 0.867816 0.165825 0.0236882
current: 0.10657      0.1 0.930588   0.6589 0.867816 0.165825 0.0236882
current: 0.10657      0.1 0.930588   0.6589 0.867816 0.165825 0.0236882
current: 0.10657      0.1 0.930588   0.6589 0.867816 0.165825 0.0236882
current: 0.10657      0.1 0.930588   0.6589 0.867816 0.165825 0.0236882
current: 0.10657      0.1 0.930588   0.6589 0.867816 0.165825 0.0236882
current: 0.10657      0.1 0.930588   0.6589 0.867816 0.165825 0.0236882
current: 0.10657      0.1 0.930588   0.6589 0.867816 0.165825 0.0236882
current: 0.10657      0.1 0.930588   0.6589 0.867816 0.165825 0.0236882
underflow!underflow!0.003914190.000543327

pospos0.00391419        0.1    0.93905   0.624155  0.0682618   0.170008
   0.343993         0.1    0.951299    0.643328 0.000543327    0.166924
current: 0.10657      0.1 0.930588   0.6589 0.867816 0.165825 0.0236882
overflow!
current: 0.10657      0.1 0.930588   0.6589 0.867816 0.165825 0.0236882
current: 0.10657      0.1 0.930588   0.6589 0.867816 0.165825 0.0236882
current:0.108671      0.1 0.933037 0.639258 0.841801 0.166842 0.0235254
current:0.108671      0.1 0.933037 0.639258 0.841801 0.166842 0.0235254
current:0.108671      0.1 0.933037 0.639258 0.841801 0.166842 0.0235254
current:0.108671      0.1 0.933037 0.639258 0.841801 0.166842 0.0235254
current:0.108671      0.1 0.933037 0.639258 0.841801 0.166842 0.0235254
current:0.108671      0.1 0.933037 0.639258 0.841801 0.166842 0.0235254
current:0.108671      0.1 0.933037 0.639258 0.841801 0.166842 0.0235254
current:0.108671      0.1 0.933037 0.639258 0.841801 0.166842 0.0235254
current:0.108671      0.1 0.933037 0.639258 0.841801 0.166842 0.0235254
current:0.108671      0.1 0.933037 0.639258 0.841801 0.166842 0.0235254
current:0.108671      0.1 0.933037 0.639258 0.841801 0.166842 0.0235254
overflow!
current:0.108671      0.1 0.933037 0.639258 0.841801 0.166842 0.0235254
current:0.108671      0.1 0.933037 0.639258 0.841801 0.166842 0.0235254
overflow!
current:0.108671      0.1 0.933037 0.639258 0.841801 0.166842 0.0235254
current:0.108671      0.1 0.933037 0.639258 0.841801 0.166842 0.0235254
current:0.108671      0.1 0.933037 0.639258 0.841801 0.166842 0.0235254
overflow!
current:0.108671      0.1 0.933037 0.639258 0.841801 0.166842 0.0235254
underflow!0.00268982
pos0.00268982        0.1   0.932102   0.630505   0.592692   0.162051
current:0.108671      0.1 0.933037 0.639258 0.841801 0.166842 0.0235254
underflow!underflow!0.00141259
pos0.0022
pos0.00141259        0.1    0.94255    0.59794  0.0942078   0.260822
    0.0022        0.1    0.94925    0.64673   0.164773   0.132508
current:0.108671      0.1 0.933037 0.639258 0.841801 0.166842 0.0235254
current:0.108671      0.1 0.933037 0.639258 0.841801 0.166842 0.0235254
current:0.108671      0.1 0.933037 0.639258 0.841801 0.166842 0.0235254
current:0.108671      0.1 0.933037 0.639258 0.841801 0.166842 0.0235254
current:0.108671      0.1 0.933037 0.639258 0.841801 0.166842 0.0235254
current:0.108671      0.1 0.933037 0.639258 0.841801 0.166842 0.0235254
current:0.108671      0.1 0.933037 0.639258 0.841801 0.166842 0.0235254
current:0.108671      0.1 0.933037 0.639258 0.841801 0.166842 0.0235254
current:0.108671      0.1 0.933037 0.639258 0.841801 0.166842 0.0235254
underflow!0.00400914
pos0.00400914        0.1   0.947238    0.59836   0.288603   0.130453
current:0.108671      0.1 0.933037 0.639258 0.841801 0.166842 0.0235254
current:0.108671      0.1 0.933037 0.639258 0.841801 0.166842 0.0235254
current:0.108671      0.1 0.933037 0.639258 0.841801 0.166842 0.0235254
current:0.108671      0.1 0.933037 0.639258 0.841801 0.166842 0.0235254
current:0.108671      0.1 0.933037 0.639258 0.841801 0.166842 0.0235254
current:0.108671      0.1 0.933037 0.639258 0.841801 0.166842 0.0235254
overflow!
current:0.108671      0.1 0.933037 0.639258 0.841801 0.166842 0.0235254
current:0.108671      0.1 0.933037 0.639258 0.841801 0.166842 0.0235254
current:0.108671      0.1 0.933037 0.639258 0.841801 0.166842 0.0235254
current:0.108671      0.1 0.933037 0.639258 0.841801 0.166842 0.0235254
current:0.108671      0.1 0.933037 0.639258 0.841801 0.166842 0.0235254
overflow!
current:0.108671      0.1 0.933037 0.639258 0.841801 0.166842 0.0235254
current:0.108671      0.1 0.933037 0.639258 0.841801 0.166842 0.0235254
underflow!0.00235673
pos0.00235673        0.1   0.934953   0.554173  0.0746361   0.157737
current:0.108671      0.1 0.933037 0.639258 0.841801 0.166842 0.0235254
current:0.108671      0.1 0.933037 0.639258 0.841801 0.166842 0.0235254
current:0.108671      0.1 0.933037 0.639258 0.841801 0.166842 0.0235254
underflow!0.000664998
pos0.000664998         0.1    0.859334    0.547847    0.197575    0.169816
current:0.108671      0.1 0.933037 0.639258 0.841801 0.166842 0.0235254
current:0.108671      0.1 0.933037 0.639258 0.841801 0.166842 0.0235254
current:0.108671      0.1 0.933037 0.639258 0.841801 0.166842 0.0235254
current:0.108671      0.1 0.933037 0.639258 0.841801 0.166842 0.0235254
underflow!0.000817725
pos    0.49692         0.1    0.928457    0.658384 0.000817725    0.222643
current:0.108671      0.1 0.933037 0.639258 0.841801 0.166842 0.0235254
current:0.108671      0.1 0.933037 0.639258 0.841801 0.166842 0.0235254
current:0.108671      0.1 0.933037 0.639258 0.841801 0.166842 0.0235254
underflow!0.00489136
pos0.00489136        0.1   0.918328    0.62272   0.345706   0.208257
current:0.108671      0.1 0.933037 0.639258 0.841801 0.166842 0.0235254
current:0.108671      0.1 0.933037 0.639258 0.841801 0.166842 0.0235254
current:0.108671      0.1 0.933037 0.639258 0.841801 0.166842 0.0235254
current:0.108671      0.1 0.933037 0.639258 0.841801 0.166842 0.0235254
current:0.108671      0.1 0.933037 0.639258 0.841801 0.166842 0.0235254
current:0.108671      0.1 0.933037 0.639258 0.841801 0.166842 0.0235254
current:0.108671      0.1 0.933037 0.639258 0.841801 0.166842 0.0235254
current:0.108671      0.1 0.933037 0.639258 0.841801 0.166842 0.0235254
current:0.108671      0.1 0.933037 0.639258 0.841801 0.166842 0.0235254
current:0.108671      0.1 0.933037 0.639258 0.841801 0.166842 0.0235254
current:0.108671      0.1 0.933037 0.639258 0.841801 0.166842 0.0235254
current:0.108671      0.1 0.933037 0.639258 0.841801 0.166842 0.0235254
current:0.108671      0.1 0.933037 0.639258 0.841801 0.166842 0.0235254
current:0.108671      0.1 0.933037 0.639258 0.841801 0.166842 0.0235254
overflow!
underflow!0.00453217
pos 0.0876655        0.1   0.921457   0.693586 0.00453217   0.219044
current:0.108671      0.1 0.933037 0.639258 0.841801 0.166842 0.0235254
overflow!
current:0.108671      0.1 0.933037 0.639258 0.841801 0.166842 0.0235254
current:0.108671      0.1 0.933037 0.639258 0.841801 0.166842 0.0235254
current:0.108671      0.1 0.933037 0.639258 0.841801 0.166842 0.0235254
current:0.108671      0.1 0.933037 0.639258 0.841801 0.166842 0.0235254
current:0.108671      0.1 0.933037 0.639258 0.841801 0.166842 0.0235254
current:0.108671      0.1 0.933037 0.639258 0.841801 0.166842 0.0235254
current:0.108671      0.1 0.933037 0.639258 0.841801 0.166842 0.0235254
current:0.108671      0.1 0.933037 0.639258 0.841801 0.166842 0.0235254
current:0.108671      0.1 0.933037 0.639258 0.841801 0.166842 0.0235254
current:0.108671      0.1 0.933037 0.639258 0.841801 0.166842 0.0235254
current:0.108671      0.1 0.933037 0.639258 0.841801 0.166842 0.0235254
current:0.108671      0.1 0.933037 0.639258 0.841801 0.166842 0.0235254
current:0.108671      0.1 0.933037 0.639258 0.841801 0.166842 0.0235254
underflow!0.00389349
pos   0.68894        0.1   0.929702   0.615458 0.00389349   0.205565
current:0.108671      0.1 0.933037 0.639258 0.841801 0.166842 0.0235254
current:0.108671      0.1 0.933037 0.639258 0.841801 0.166842 0.0235254
current:0.108671      0.1 0.933037 0.639258 0.841801 0.166842 0.0235254
current:0.108671      0.1 0.933037 0.639258 0.841801 0.166842 0.0235254
current:0.108671      0.1 0.933037 0.639258 0.841801 0.166842 0.0235254
current:0.108671      0.1 0.933037 0.639258 0.841801 0.166842 0.0235254
current:0.108671      0.1 0.933037 0.639258 0.841801 0.166842 0.0235254
underflow!0.000775043
pos   0.310259         0.1    0.930579    0.644094 0.000775043    0.166227
current:0.108671      0.1 0.933037 0.639258 0.841801 0.166842 0.0235254
current:0.108671      0.1 0.933037 0.639258 0.841801 0.166842 0.0235254
current:0.108671      0.1 0.933037 0.639258 0.841801 0.166842 0.0235254
current:0.108671      0.1 0.933037 0.639258 0.841801 0.166842 0.0235254
overflow!
current:0.108671      0.1 0.933037 0.639258 0.841801 0.166842 0.0235254
current:0.108671      0.1 0.933037 0.639258 0.841801 0.166842 0.0235254
current:0.108671      0.1 0.933037 0.639258 0.841801 0.166842 0.0235254
current:0.108671      0.1 0.933037 0.639258 0.841801 0.166842 0.0235254
