USING NONMIXED MOMENTS!!
USING ONLY MEANS!
nRuns:1
Using two part PSO Sample Size:5000 with:6 moments.
Using Times:0.5   2  10  20  30
Bounds for Uniform Distribution (0,1)
Blind PSO --> nParts:1 Nsteps:1
Targeted PSO --> nParts:1 Nsteps:1
sdbeta:0.1
Reading in data!
Using starting row of data:0 and 5000 data pts!
first row X0:    289 1887.66 6.03024 5.41377 151.237 5.57028
final row X0:197.994 2376.11 5.26924 5.11029 203.092 6.30784



Loading in Truk!
Calculating Yt!
truk cost:374.166
Omega Weights:
0.798096 -266.615  56.8668  7.74371 -18.2693  17.9984
-266.615   266734 -6450.13 -1095.64  4317.32 -1730.55
 56.8668 -6450.13  6912.52  874.077 -1996.62  2269.73
 7.74371 -1095.64  874.077  229.039 -734.721   172.83
-18.2693  4317.32 -1996.62 -734.721  6445.51 -192.171
 17.9984 -1730.55  2269.73   172.83 -192.171  855.884
Omega Weights:
 35.6683 -904.093    129.8  275.329 -17.5002  8.07811
-904.093   295596 -14997.4 -27811.9  3174.35 -241.079
   129.8 -14997.4  6731.78  10825.8 -1070.69  1352.95
 275.329 -27811.9  10825.8    22906 -2543.52 -2434.33
-17.5002  3174.35 -1070.69 -2543.52  1659.33  533.707
 8.07811 -241.079  1352.95 -2434.33  533.707  4190.31
Omega Weights:
 13745.4 -37696.4 -5331.21  30351.2 -23.2967 -853.048
-37696.4   316769  9321.13  -169290  275.794  6645.33
-5331.21  9321.13   3944.1  2530.15 -7.05795  1156.24
 30351.2  -169290  2530.15   257870  -309.87   -11651
-23.2967  275.794 -7.05795  -309.87  17.2549  47.4938
-853.048  6645.33  1156.24   -11651  47.4938  6804.81
Omega Weights:
 11131.2 -17742.1 -2815.56  17506.6 -14.0394  -1304.1
-17742.1  97494.5  7014.67 -53408.1  119.069  4318.58
-2815.56  7014.67  1526.98 -2351.56  3.71824  1587.26
 17506.6 -53408.1 -2351.56   262212  -151.37 -9804.66
-14.0394  119.069  3.71824  -151.37  5.78819   22.158
 -1304.1  4318.58  1587.26 -9804.66   22.158  6866.95
Omega Weights:
 8308.57 -5831.19 -911.237  8554.04 -10.6013 -1166.63
-5831.19  32707.8  1990.16   -18733  91.9696  2595.43
-911.237  1990.16  540.957 -1200.55  3.43234  1446.64
 8554.04   -18733 -1200.55   266385 -122.772  -7947.2
-10.6013  91.9696  3.43234 -122.772  4.73459   18.113
-1166.63  2595.43  1446.64  -7947.2   18.113  6876.09
Weights:

w0
      6.6477   0.00520184    -0.281224     0.473329  -0.00228613     0.520412
  0.00520184  8.28613e-06  0.000143365 -0.000397632 -3.44811e-06 -0.000393307
   -0.281224  0.000143365      0.36983    -0.786637 -0.000321731    -0.815779
    0.473329 -0.000397632    -0.786637      1.68409   0.00164742      1.73564
 -0.00228613 -3.44811e-06 -0.000321731   0.00164742  0.000257573  0.000619472
    0.520412 -0.000393307    -0.815779      1.73564  0.000619472      1.80246
w1
    0.280384   0.00034656     0.325925    -0.178625   0.00644807    -0.210347
  0.00034656  4.31376e-06  0.000366363 -0.000196208  6.13716e-06 -0.000233478
    0.325925  0.000366363     0.428497    -0.234364   0.00882916    -0.276236
   -0.178625 -0.000196208    -0.234364     0.128249  -0.00475071     0.151114
  0.00644807  6.13716e-06   0.00882916  -0.00475071   0.00092002  -0.00573988
   -0.210347 -0.000233478    -0.276236     0.151114  -0.00573988     0.178341
w2
 0.000869578  6.73924e-07   0.00136044 -0.000130611  0.000334174  -0.00034877
 6.73924e-07  5.86309e-06 -1.69663e-05  4.09404e-06 -3.86651e-05  4.52122e-06
  0.00136044 -1.69663e-05   0.00245736 -0.000222251  0.000819273 -0.000616681
-0.000130611  4.09404e-06 -0.000222251  2.69704e-05 -2.37802e-05  6.37363e-05
 0.000334174 -3.86651e-05  0.000819273 -2.37802e-05    0.0603675 -0.000521604
 -0.00034877  4.52122e-06 -0.000616681  6.37363e-05 -0.000521604   0.00031637
w3
 0.000224605   3.7163e-06  0.000466704 -1.32138e-05  0.000155744 -8.69281e-05
  3.7163e-06  1.88141e-05 -8.96436e-05  3.17346e-06 -0.000295154  1.50779e-05
 0.000466704 -8.96436e-05   0.00233759 -4.46666e-05   0.00208959 -0.000465832
-1.32138e-05  3.17346e-06 -4.46666e-05  5.46109e-06  2.23266e-05  1.35446e-05
 0.000155744 -0.000295154   0.00208959  2.23266e-05     0.181603 -0.000821912
-8.69281e-05  1.50779e-05 -0.000465832  1.35446e-05 -0.000821912    0.0002493
w4
 0.000168684  5.16032e-06  0.000453699 -5.20185e-06  0.000100814  -7.5058e-05
 5.16032e-06  4.97082e-05 -0.000296417  3.10247e-06 -0.000851133  5.03028e-05
 0.000453699 -0.000296417   0.00740555 -4.21224e-05   0.00579552  -0.00143312
-5.20185e-06  3.10247e-06 -4.21224e-05  4.31088e-06  2.55579e-05  1.17234e-05
 0.000100814 -0.000851133   0.00579552  2.55579e-05     0.230007  -0.00145728
 -7.5058e-05  5.03028e-05  -0.00143312  1.17234e-05  -0.00145728  0.000432607
XtmVec:0.142778   1800.9  210.167  2.39962  143.775  64.2586
XtmVec:0.235451  1708.64  210.074  25.9193  74.9386  133.095
XtmVec:4.15977 1497.16  206.15 217.341 50.9577 157.076
XtmVec:16.6933 1332.43 193.616 394.221 50.5699 157.464
XtmVec: 24.746 1235.75 185.564 498.867 50.4852 157.548
seedk: 0.70095      0.1 0.668421 0.686924 0.101133 0.735979| cost:9943.64
PSO begins!
current: 0.70095      0.1 0.668421 0.686924 0.101133 0.735979 9943.64
GBMAT from blind PSO:

 0.70095      0.1 0.668421 0.686924 0.101133 0.735979  9943.64
 0.70095      0.1 0.668421 0.686924 0.101133 0.735979  9943.64

truk:  0.1  0.1 0.95 0.17 0.05 0.18
total difference b/w truk and final GBVEC1.01937

blind PSO FINISHED RUNNING IN 71 s TIME!
truk:  0.1  0.1 0.95 0.17 0.05 0.18 with trukCost with new weights:0.0150362
CODE FINISHED RUNNING IN 71 s TIME!
Job Statistics for 2451799:
           JobID       User               Start                 End    Elapsed     MaxRSS   TotalCPU      State Exit        NodeList                                  ReqTRES 
---------------- ---------- ------------------- ------------------- ---------- ---------- ---------- ---------- ---- --------------- ---------------------------------------- 
         2451799   rsjxw007 2022-01-22T20:54:21 2022-01-22T20:55:33   00:01:12             01:11.427  COMPLETED  0:0   r1pl-hpcf-n21        billing=2,cpu=2,mem=15624M,node=1 
   2451799.batch            2022-01-22T20:54:21 2022-01-22T20:55:33   00:01:12      5.63M  01:11.425  COMPLETED  0:0   r1pl-hpcf-n21                                          
  2451799.extern            2022-01-22T20:54:21 2022-01-22T20:55:33   00:01:12          0  00:00.001  COMPLETED  0:0   r1pl-hpcf-n21                                          
CPU Efficiency: 49.31% of 00:02:24 core-walltime
