USING NONMIXED MOMENTS!!
nRuns:1
Using two part PSO Sample Size:5000 with:12 moments.
Using Times:0.5   2  10  20  30
Bounds for Uniform Distribution (0,1)
Blind PSO --> nParts:30 Nsteps:1500
Targeted PSO --> nParts:1 Nsteps:1
sdbeta:0.1
Reading in data!
Using starting row of data:0 and 5000 data pts!
first row X0:192.796 1463.27 5.25096 5.80954 435.297 6.25942
final row X0:466.793 2248.32 5.67464 5.17143 516.351 6.12202



HERE IS X:
5 0 0 0
0 0 3 0
0 1 3 0
1 0 0 1
Xinv
     0.2        0        0        0
       0       -1        1        0
       0 0.333333        0        0
    -0.2        0        0        1
Loading in Truk!
Calculating Yt!
truk cost:6.13882e+08
Weights:

w0
     86.7997     0.141244    -0.888999     0.261993   -0.0548678     0.715268     -6.15872    -2.35e-05  0.000191505   0.00538293     7.83e-05  0.000684087
    0.141244  0.000360411 -0.000344651  -0.00154115     -7.4e-05  -0.00122653  -0.00850432    -6.93e-08     8.29e-08      6.8e-06     1.07e-07     1.72e-06
   -0.888999 -0.000344651     0.388027    -0.788476 -0.000535901    -0.854192    0.0525143     4.24e-08    -3.56e-05  0.000165827     1.32e-07  0.000206748
    0.261993  -0.00154115    -0.788476      1.77075     0.017416      1.72995    0.0304137     2.73e-07     3.51e-06 -0.000638524    -2.77e-05    -6.27e-06
  -0.0548678     -7.4e-05 -0.000535901     0.017416   0.00363848 -0.000231918   0.00566777     1.11e-08    -2.27e-06    -6.97e-05    -7.01e-06     1.48e-05
    0.715268  -0.00122653    -0.854192      1.72995 -0.000231918      1.92862   -0.0272078     2.33e-07     9.64e-05 -0.000493512     2.44e-06 -0.000704513
    -6.15872  -0.00850432    0.0525143    0.0304137   0.00566777   -0.0272078     0.528329     1.35e-06    -3.02e-05 -0.000518861    -8.31e-06     6.07e-06
   -2.35e-05    -6.93e-08     4.24e-08     2.73e-07     1.11e-08     2.33e-07     1.35e-06      1.4e-11    -4.31e-12    -1.08e-09    -1.69e-11    -3.11e-10
 0.000191505     8.29e-08    -3.56e-05     3.51e-06    -2.27e-06     9.64e-05    -3.02e-05    -4.31e-12     7.71e-08    -3.94e-07     4.41e-09    -4.87e-07
  0.00538293      6.8e-06  0.000165827 -0.000638524    -6.97e-05 -0.000493512 -0.000518861    -1.08e-09    -3.94e-07      7.2e-06     1.07e-07     2.63e-06
    7.83e-05     1.07e-07     1.32e-07    -2.77e-05    -7.01e-06     2.44e-06    -8.31e-06    -1.69e-11     4.41e-09     1.07e-07     1.51e-08    -2.91e-08
 0.000684087     1.72e-06  0.000206748    -6.27e-06     1.48e-05 -0.000704513     6.07e-06    -3.11e-10    -4.87e-07     2.63e-06    -2.91e-08     3.62e-06
w1
     1.81747   0.00839929      1.91975     -1.04796    0.0364934     -1.23652  -0.00220902    -1.83e-06 -0.000237704  0.000113114 -0.000112696  0.000141656
  0.00839929  0.000110953   0.00647808  -0.00351061  0.000140565  -0.00415314    -1.61e-05    -2.86e-08    -8.65e-07     3.79e-07    -4.31e-07     4.78e-07
     1.91975   0.00647808      3.09305     -1.69299    0.0526982     -1.98902  0.000554789    -1.29e-06 -0.000368559  0.000193724 -0.000163128  0.000224239
    -1.04796  -0.00351061     -1.69299     0.927745   -0.0280349      1.08979 -0.000321612     6.98e-07  0.000198086 -0.000105968      8.7e-05 -0.000122758
   0.0364934  0.000140565    0.0526982   -0.0280349   0.00601183   -0.0340862     4.06e-06    -2.92e-08    -5.24e-06     1.78e-06    -2.12e-05     3.28e-06
    -1.23652  -0.00415314     -1.98902      1.08979   -0.0340862      1.28541  -0.00036668     8.24e-07  0.000231011 -0.000123296  0.000106044 -0.000153886
 -0.00220902    -1.61e-05  0.000554789 -0.000321612     4.06e-06  -0.00036668     1.14e-05     3.79e-09     4.83e-08     3.49e-08    -1.24e-08     2.09e-08
   -1.83e-06    -2.86e-08    -1.29e-06     6.98e-07    -2.92e-08     8.24e-07     3.79e-09     7.81e-12     1.76e-10    -7.61e-11     8.79e-11    -9.44e-11
-0.000237704    -8.65e-07 -0.000368559  0.000198086    -5.24e-06  0.000231011     4.83e-08     1.76e-10     6.82e-08    -2.89e-08     1.61e-08    -2.89e-08
 0.000113114     3.79e-07  0.000193724 -0.000105968     1.78e-06 -0.000123296     3.49e-08    -7.61e-11    -2.89e-08      1.5e-08    -5.74e-09     1.49e-08
-0.000112696    -4.31e-07 -0.000163128      8.7e-05    -2.12e-05  0.000106044    -1.24e-08     8.79e-11     1.61e-08    -5.74e-09     8.95e-08    -1.12e-08
 0.000141656     4.78e-07  0.000224239 -0.000122758     3.28e-06 -0.000153886     2.09e-08    -9.44e-11    -2.89e-08     1.49e-08    -1.12e-08     3.93e-08
w2
   0.0114143  0.000264951    0.0155657  -0.00135256   0.00342051  -0.00298218    -1.43e-05    -9.39e-08    -1.87e-05     1.81e-07    -2.93e-05     7.64e-07
 0.000264951     5.54e-05  0.000212319    -3.25e-07  0.000439947    -3.16e-05    -3.99e-07    -2.36e-08    -3.71e-07    -1.07e-09    -3.12e-06     1.44e-08
   0.0155657  0.000212319    0.0274945  -0.00193459    0.0100571  -0.00461738    -1.78e-05    -6.99e-08    -4.35e-05     2.68e-07 -0.000105543     1.65e-06
 -0.00135256    -3.25e-07  -0.00193459  0.000256116   0.00344358  0.000414033     1.59e-06     1.59e-09     2.03e-06    -4.78e-08    -4.23e-05    -1.05e-07
  0.00342051  0.000439947    0.0100571   0.00344358      1.50346  0.000284412    -2.32e-06    -1.93e-07    -2.12e-05    -1.06e-06   -0.0207171    -8.38e-06
 -0.00298218    -3.16e-05  -0.00461738  0.000414033  0.000284412   0.00279368     3.38e-06      8.5e-09     5.75e-06    -5.76e-08     9.15e-06    -3.58e-06
   -1.43e-05    -3.99e-07    -1.78e-05     1.59e-06    -2.32e-06     3.38e-06        2e-08     1.43e-10      2.1e-08    -2.24e-10     1.27e-08    -7.82e-10
   -9.39e-08    -2.36e-08    -6.99e-08     1.59e-09    -1.93e-07      8.5e-09     1.43e-10     1.16e-11      1.3e-10    -1.16e-13     1.11e-09     -2.9e-12
   -1.87e-05    -3.71e-07    -4.35e-05     2.03e-06    -2.12e-05     5.75e-06      2.1e-08      1.3e-10     9.29e-08    -3.06e-10      2.3e-07     -3.2e-09
    1.81e-07    -1.07e-09     2.68e-07    -4.78e-08    -1.06e-06    -5.76e-08    -2.24e-10    -1.16e-13    -3.06e-10     1.15e-11     1.27e-08     1.58e-11
   -2.93e-05    -3.12e-06 -0.000105543    -4.23e-05   -0.0207171     9.15e-06     1.27e-08     1.11e-09      2.3e-07     1.27e-08  0.000325591     7.68e-08
    7.64e-07     1.44e-08     1.65e-06    -1.05e-07    -8.38e-06    -3.58e-06    -7.82e-10     -2.9e-12     -3.2e-09     1.58e-11     7.68e-08      6.5e-09
w3
  0.00317974  0.000142793   0.00568608 -0.000138956    0.0168298 -0.000996564    -5.77e-06     -5.6e-08    -1.32e-05     2.17e-08 -0.000443844     4.85e-07
 0.000142793  0.000167611 -0.000252244     2.78e-05  0.000244376     3.92e-05    -2.81e-07    -9.52e-08    -1.47e-07     -5.7e-09  0.000115807     2.86e-08
  0.00568608 -0.000252244    0.0281779 -0.000229373    0.0540436  -0.00497289    -9.37e-06     1.39e-07  -0.00010614     3.49e-08  -0.00158658     4.55e-06
-0.000138956     2.78e-05 -0.000229373  0.000123427    0.0224634     4.94e-05     2.47e-07    -1.02e-08    -7.97e-08       -3e-08 -0.000700668    -8.29e-09
   0.0168298  0.000244376    0.0540436    0.0224634      25.3573  -0.00276576    -2.58e-05    -2.45e-06  -0.00010044    -5.18e-06    -0.886792    -6.28e-05
-0.000996564     3.92e-05  -0.00497289     4.94e-05  -0.00276576   0.00275027     1.62e-06    -2.21e-08     1.83e-05    -7.01e-09  0.000107571    -4.04e-06
   -5.77e-06    -2.81e-07    -9.37e-06     2.47e-07    -2.58e-05     1.62e-06     1.14e-08     1.12e-10     2.16e-08     -4.3e-11     6.57e-07    -7.52e-10
    -5.6e-08    -9.52e-08     1.39e-07    -1.02e-08    -2.45e-06    -2.21e-08     1.12e-10     6.27e-11     7.45e-11     1.93e-12    -1.74e-08    -1.18e-11
   -1.32e-05    -1.47e-07  -0.00010614    -7.97e-08  -0.00010044     1.83e-05     2.16e-08     7.45e-11      4.9e-07     2.29e-11     2.01e-06    -2.15e-08
    2.17e-08     -5.7e-09     3.49e-08       -3e-08    -5.18e-06    -7.01e-09     -4.3e-11     1.93e-12     2.29e-11     7.69e-12      1.6e-07     2.63e-13
-0.000443844  0.000115807  -0.00158658 -0.000700668    -0.886792  0.000107571     6.57e-07    -1.74e-08     2.01e-06      1.6e-07     0.035315     2.15e-06
    4.85e-07     2.86e-08     4.55e-06    -8.29e-09    -6.28e-05    -4.04e-06    -7.52e-10    -1.18e-11    -2.15e-08     2.63e-13     2.15e-06     7.27e-09
w4
  0.00215143  0.000130403    0.0050308    -3.81e-05    0.0250193 -0.000885834    -4.22e-06    -5.43e-08    -1.43e-05     5.44e-09 -0.000835138     4.74e-07
 0.000130403  0.000482096  -0.00140302     3.65e-05    0.0125614  0.000266677    -2.55e-07    -3.03e-07    -6.67e-07    -7.12e-09    -1.34e-05    -1.54e-08
   0.0050308  -0.00140302     0.110978 -0.000140727    0.0953145   -0.0214345     -8.9e-06     7.91e-07 -0.000582493     2.34e-08  -0.00400613     2.35e-05
   -3.81e-05     3.65e-05 -0.000140727  0.000124701    0.0414479     1.63e-05     7.52e-08    -2.15e-08    -1.99e-07    -2.94e-08  -0.00154343    -9.87e-09
   0.0250193    0.0125614    0.0953145    0.0414479      71.4938   -0.0320345    -4.41e-05    -2.84e-05    -7.67e-06    -8.59e-06     -2.86035    -9.93e-05
-0.000885834  0.000266677   -0.0214345     1.63e-05   -0.0320345   0.00600921     1.55e-06    -1.35e-07  0.000111722     -1.8e-09   0.00126789    -7.72e-06
   -4.22e-06    -2.55e-07     -8.9e-06     7.52e-08    -4.41e-05     1.55e-06     9.03e-09     1.06e-10      2.5e-08     -1.3e-11     1.47e-06    -7.97e-10
   -5.43e-08    -3.03e-07     7.91e-07    -2.15e-08    -2.84e-05    -1.35e-07     1.06e-10     2.25e-10     1.97e-10     3.92e-12      6.4e-07     1.68e-11
   -1.43e-05    -6.67e-07 -0.000582493    -1.99e-07    -7.67e-06  0.000111722      2.5e-08     1.97e-10     3.52e-06     2.81e-11    -1.32e-06    -1.41e-07
    5.44e-09    -7.12e-09     2.34e-08    -2.94e-08    -8.59e-06     -1.8e-09     -1.3e-11     3.92e-12     2.81e-11     7.23e-12     3.16e-07     9.75e-13
-0.000835138    -1.34e-05  -0.00400613  -0.00154343     -2.86035   0.00126789     1.47e-06      6.4e-07    -1.32e-06     3.16e-07     0.129144     4.19e-06
    4.74e-07    -1.54e-08     2.35e-05    -9.87e-09    -9.93e-05    -7.72e-06    -7.97e-10     1.68e-11    -1.41e-07     9.75e-13     4.19e-06     1.19e-08
XtmVec:   0.111955     1822.42     209.297     13.5886     179.611      31.731   0.0164331 3.57644e+06     50412.1     238.794       38572     1109.73
XtmVec:   0.117285     1769.21     209.292     26.6732     139.478     71.8639   0.0189982 3.38878e+06     50408.8     1289.26     25848.1     5787.47
XtmVec:    0.22102     1714.12     209.188     62.0713     119.688      91.654     23.2982 3.21812e+06       50315     16661.6     21325.3     9455.13
XtmVec:    1.13925      1689.8      208.27     86.4449     118.819     92.5229     193.752 3.16534e+06     49620.1     47927.3     21272.9     9659.91
XtmVec:    2.25525     1674.05     207.154     103.086     118.596     92.7459      382.64 3.13695e+06     48871.4       78158     21266.3     9714.84
seedk: 0.575128       0.1  0.411386 0.0434872   0.43922  0.904001| cost:5.71138e+07
PSO begins!
current: 0.575128       0.1  0.411386 0.0434872   0.43922  0.904001 5.71138e+07
underflow!0.00141588
pos0.00141588        0.1   0.454549    0.20013   0.873651   0.332138
current:0.293498      0.1 0.538308 0.165259 0.287435 0.511042 4.13405e+06
current:0.430955      0.1 0.544798 0.913491  0.56842 0.404785 1.21967e+06
current:  0.41791       0.1  0.594265  0.712039 0.0323325  0.422749 956335
current:0.416243      0.1 0.930009 0.397289 0.624831 0.205622 242.077
current:0.416243      0.1 0.948174 0.355153 0.624507 0.205622 103.613
current:0.416243      0.1 0.948174 0.355153 0.624507 0.205622 103.613
current:0.416243      0.1 0.948174 0.355153 0.624507 0.205622 103.613
current:0.416243      0.1 0.948174 0.355153 0.624507 0.205622 103.613
underflow!0.00422752
pos  0.751667        0.1    0.64425   0.420363 0.00422752    0.42559
current:0.416243      0.1 0.948174 0.355153 0.624507 0.205622 103.613
overflow!
current:0.416243      0.1 0.948174 0.355153 0.624507 0.205622 103.613
current:0.416243      0.1 0.948174 0.355153 0.624507 0.205622 103.613
current:0.214048      0.1 0.974304 0.425301 0.351407 0.213261 45.6919
current:0.214048      0.1 0.974304 0.425301 0.351407 0.213261 45.6919
current:0.214048      0.1 0.974304 0.425301 0.351407 0.213261 45.6919
current:0.214048      0.1 0.974304 0.425301 0.351407 0.213261 45.6919
current:0.214048      0.1 0.974304 0.425301 0.351407 0.213261 45.6919
current:0.214048      0.1 0.974304 0.425301 0.351407 0.213261 45.6919
current:0.214048      0.1 0.974304 0.425301 0.351407 0.213261 45.6919
current:0.214048      0.1 0.974304 0.425301 0.351407 0.213261 45.6919
current:0.140719      0.1 0.937848 0.509574 0.744053  0.16916 16.5825
current:0.140719      0.1 0.937848 0.509574 0.744053  0.16916 16.5825
underflow!0.00209179
pos0.00209179        0.1   0.898168   0.434788   0.393176   0.267904
current:0.140719      0.1 0.937848 0.509574 0.744053  0.16916 16.5825
underflow!0.00403515
pos0.00403515        0.1   0.935095    0.36289    0.49363   0.211978
current:0.140719      0.1 0.937848 0.509574 0.744053  0.16916 16.5825
current:0.108928      0.1 0.952749  0.58282 0.732117 0.186513 6.12098
underflow!0.00337397
pos0.00337397        0.1   0.938384   0.445073    0.40493   0.195642
current:0.107401      0.1 0.952749  0.58282 0.732117 0.180401 3.45174
current:0.107401      0.1 0.952749  0.58282 0.732117 0.180401 3.45174
underflow!0.00435262
pos  0.519731        0.1    0.91073   0.411455 0.00435262   0.141503
current:0.107401      0.1 0.952749  0.58282 0.732117 0.180401 3.45174
current:0.107401      0.1 0.952749  0.58282 0.732117 0.180401 3.45174
current:0.107401      0.1 0.952749  0.58282 0.732117 0.180401 3.45174
current:0.107401      0.1 0.952749  0.58282 0.732117 0.180401 3.45174
current:0.107401      0.1 0.952749  0.58282 0.732117 0.180401 3.45174
current:0.107401      0.1 0.952749  0.58282 0.732117 0.180401 3.45174
current:0.107401      0.1 0.952749  0.58282 0.732117 0.180401 3.45174
current:0.107401      0.1 0.952749  0.58282 0.732117 0.180401 3.45174
current:0.107401      0.1 0.952749  0.58282 0.732117 0.180401 3.45174
overflow!
current:0.107401      0.1 0.952749  0.58282 0.732117 0.180401 3.45174
current:0.107401      0.1 0.952749  0.58282 0.732117 0.180401 3.45174
current:0.107401      0.1 0.952749  0.58282 0.732117 0.180401 3.45174
current:0.107401      0.1 0.952749  0.58282 0.732117 0.180401 3.45174
current:0.107401      0.1 0.952749  0.58282 0.732117 0.180401 3.45174
current:0.107401      0.1 0.952749  0.58282 0.732117 0.180401 3.45174
current:0.107401      0.1 0.952749  0.58282 0.732117 0.180401 3.45174
current:0.107401      0.1 0.952749  0.58282 0.732117 0.180401 3.45174
current:0.107401      0.1 0.952749  0.58282 0.732117 0.180401 3.45174
current:0.107401      0.1 0.952749  0.58282 0.732117 0.180401 3.45174
overflow!
current:0.107401      0.1 0.952749  0.58282 0.732117 0.180401 3.45174
current:0.107401      0.1 0.952749  0.58282 0.732117 0.180401 3.45174
current:0.107401      0.1 0.952749  0.58282 0.732117 0.180401 3.45174
current:0.107401      0.1 0.952749  0.58282 0.732117 0.180401 3.45174
current:0.107401      0.1 0.952749  0.58282 0.732117 0.180401 3.45174
current:0.107401      0.1 0.952749  0.58282 0.732117 0.180401 3.45174
current:0.107401      0.1 0.952749  0.58282 0.732117 0.180401 3.45174
current:0.107401      0.1 0.952749  0.58282 0.732117 0.180401 3.45174
current:0.107401      0.1 0.952749  0.58282 0.732117 0.180401 3.45174
current:0.107401      0.1 0.952749  0.58282 0.732117 0.180401 3.45174
current:0.107401      0.1 0.952749  0.58282 0.732117 0.180401 3.45174
current:0.107401      0.1 0.952749  0.58282 0.732117 0.180401 3.45174
current:0.107401      0.1 0.952749  0.58282 0.732117 0.180401 3.45174
overflow!
current:0.107401      0.1 0.952749  0.58282 0.732117 0.180401 3.45174
current:0.107401      0.1 0.952749  0.58282 0.732117 0.180401 3.45174
current:0.107401      0.1 0.952749  0.58282 0.732117 0.180401 3.45174
current:0.107401      0.1 0.952749  0.58282 0.732117 0.180401 3.45174
underflow!0.00151729
pos 0.0295328        0.1   0.947673   0.566981 0.00151729   0.196719
current:0.107401      0.1 0.952749  0.58282 0.732117 0.180401 3.45174
current:0.107401      0.1 0.952749  0.58282 0.732117 0.180401 3.45174
current:0.107401      0.1 0.952749  0.58282 0.732117 0.180401 3.45174
current:0.107401      0.1 0.952749  0.58282 0.732117 0.180401 3.45174
current:0.107401      0.1 0.952749  0.58282 0.732117 0.180401 3.45174
current:0.107401      0.1 0.952749  0.58282 0.732117 0.180401 3.45174
current:0.107401      0.1 0.952749  0.58282 0.732117 0.180401 3.45174
current:0.107401      0.1 0.952749  0.58282 0.732117 0.180401 3.45174
current:0.107401      0.1 0.952749  0.58282 0.732117 0.180401 3.45174
current:0.107401      0.1 0.952749  0.58282 0.732117 0.180401 3.45174
underflow!0.00396062
pos  0.928845        0.1   0.956106   0.538455 0.00396062   0.176472
current:0.107401      0.1 0.952749  0.58282 0.732117 0.180401 3.45174
current:0.107401      0.1 0.952749  0.58282 0.732117 0.180401 3.45174
current:0.107401      0.1 0.952749  0.58282 0.732117 0.180401 3.45174
current:0.107401      0.1 0.952749  0.58282 0.732117 0.180401 3.45174
current:0.107401      0.1 0.952749  0.58282 0.732117 0.180401 3.45174
current:0.107401      0.1 0.952749  0.58282 0.732117 0.180401 3.45174
current:0.107401      0.1 0.952749  0.58282 0.732117 0.180401 3.45174
current:0.107401      0.1 0.952749  0.58282 0.732117 0.180401 3.45174
current:0.107401      0.1 0.952749  0.58282 0.732117 0.180401 3.45174
current:0.107401      0.1 0.952749  0.58282 0.732117 0.180401 3.45174
current:0.107401      0.1 0.952749  0.58282 0.732117 0.180401 3.45174
current:0.107401      0.1 0.952749  0.58282 0.732117 0.180401 3.45174
underflow!0.00342504
pos0.00342504        0.1   0.936574   0.583414   0.937145   0.195415
current:0.107401      0.1 0.952749  0.58282 0.732117 0.180401 3.45174
underflow!0.000132485
pos   0.364402         0.1    0.957682     0.59854 0.000132485      0.1923
current:0.107401      0.1 0.952749  0.58282 0.732117 0.180401 3.45174
current:0.107401      0.1 0.952749  0.58282 0.732117 0.180401 3.45174
current:0.107401      0.1 0.952749  0.58282 0.732117 0.180401 3.45174
current:0.107401      0.1 0.952749  0.58282 0.732117 0.180401 3.45174
current:0.107401      0.1 0.952749  0.58282 0.732117 0.180401 3.45174
current:0.107401      0.1 0.952749  0.58282 0.732117 0.180401 3.45174
current:0.107401      0.1 0.952749  0.58282 0.732117 0.180401 3.45174
current:0.107401      0.1 0.952749  0.58282 0.732117 0.180401 3.45174
current:0.107401      0.1 0.952749  0.58282 0.732117 0.180401 3.45174
current:0.107401      0.1 0.952749  0.58282 0.732117 0.180401 3.45174
current:0.107401      0.1 0.952749  0.58282 0.732117 0.180401 3.45174
current:0.107401      0.1 0.952749  0.58282 0.732117 0.180401 3.45174
current:0.107401      0.1 0.952749  0.58282 0.732117 0.180401 3.45174
current:0.107401      0.1 0.952749  0.58282 0.732117 0.180401 3.45174
overflow!
current:0.107401      0.1 0.952749  0.58282 0.732117 0.180401 3.45174
current:0.107401      0.1 0.952749  0.58282 0.732117 0.180401 3.45174
current:0.107401      0.1 0.952749  0.58282 0.732117 0.180401 3.45174
current:0.107401      0.1 0.952749  0.58282 0.732117 0.180401 3.45174
current:0.107401      0.1 0.952749  0.58282 0.732117 0.180401 3.45174
current:0.107401      0.1 0.952749  0.58282 0.732117 0.180401 3.45174
current:0.107401      0.1 0.952749  0.58282 0.732117 0.180401 3.45174
current:0.107401      0.1 0.952749  0.58282 0.732117 0.180401 3.45174
current:0.107401      0.1 0.952749  0.58282 0.732117 0.180401 3.45174
current:0.107401      0.1 0.952749  0.58282 0.732117 0.180401 3.45174
current:0.107401      0.1 0.952749  0.58282 0.732117 0.180401 3.45174
current:0.107401      0.1 0.952749  0.58282 0.732117 0.180401 3.45174
current:0.107401      0.1 0.952749  0.58282 0.732117 0.180401 3.45174
current:0.107401      0.1 0.952749  0.58282 0.732117 0.180401 3.45174
current:0.107401      0.1 0.952749  0.58282 0.732117 0.180401 3.45174
current:0.107401      0.1 0.952749  0.58282 0.732117 0.180401 3.45174
underflow!0.00314656
pos0.00314656        0.1   0.954814   0.634359   0.452168   0.218833
current:0.107401      0.1 0.952749  0.58282 0.732117 0.180401 3.45174
current:0.107401      0.1 0.952749  0.58282 0.732117 0.180401 3.45174
current:0.107401      0.1 0.952749  0.58282 0.732117 0.180401 3.45174
current:0.107401      0.1 0.952749  0.58282 0.732117 0.180401 3.45174
underflow!0.000817777
pos0.000817777         0.1     0.95533    0.551755    0.991133    0.184328
current:0.107401      0.1 0.952749  0.58282 0.732117 0.180401 3.45174
underflow!0.00426534
pos0.00426534        0.1   0.957458   0.613362   0.355169   0.200907
current:0.107401      0.1 0.952749  0.58282 0.732117 0.180401 3.45174
current:0.107401      0.1 0.952749  0.58282 0.732117 0.180401 3.45174
overflow!
current:0.107401      0.1 0.952749  0.58282 0.732117 0.180401 3.45174
current:0.107401      0.1 0.952749  0.58282 0.732117 0.180401 3.45174
overflow!
current:0.107401      0.1 0.952749  0.58282 0.732117 0.180401 3.45174
current:0.107401      0.1 0.952749  0.58282 0.732117 0.180401 3.45174
current:0.107401      0.1 0.952749  0.58282 0.732117 0.180401 3.45174
current:0.107401      0.1 0.952749  0.58282 0.732117 0.180401 3.45174
current:0.107401      0.1 0.952749  0.58282 0.732117 0.180401 3.45174
current:0.107401      0.1 0.952749  0.58282 0.732117 0.180401 3.45174
underflow!0.00266829
pos0.00266829        0.1   0.968016   0.527648   0.235079   0.184674
current:0.107401      0.1 0.952749  0.58282 0.732117 0.180401 3.45174
underflow!0.0033472
pos 0.127402       0.1  0.955257  0.500504 0.0033472  0.219792
current:0.107401      0.1 0.952749  0.58282 0.732117 0.180401 3.45174
current:0.107401      0.1 0.952749  0.58282 0.732117 0.180401 3.45174
current:0.107401      0.1 0.952749  0.58282 0.732117 0.180401 3.45174
current:0.107401      0.1 0.952749  0.58282 0.732117 0.180401 3.45174
current:0.107401      0.1 0.952749  0.58282 0.732117 0.180401 3.45174
current:0.107401      0.1 0.952749  0.58282 0.732117 0.180401 3.45174
current:0.107401      0.1 0.952749  0.58282 0.732117 0.180401 3.45174
current:0.107401      0.1 0.952749  0.58282 0.732117 0.180401 3.45174
current:0.107401      0.1 0.952749  0.58282 0.732117 0.180401 3.45174
current:0.107401      0.1 0.952749  0.58282 0.732117 0.180401 3.45174
current:0.107401      0.1 0.952749  0.58282 0.732117 0.180401 3.45174
overflow!
overflow!
current:0.107401      0.1 0.952749  0.58282 0.732117 0.180401 3.45174
current:0.107401      0.1 0.952749  0.58282 0.732117 0.180401 3.45174
current:0.107401      0.1 0.952749  0.58282 0.732117 0.180401 3.45174
current:0.107401      0.1 0.952749  0.58282 0.732117 0.180401 3.45174
underflow!0.00298396
pos0.00298396        0.1   0.973484   0.550964    0.46241   0.125545
current:0.107401      0.1 0.952749  0.58282 0.732117 0.180401 3.45174
overflow!
current:0.107401      0.1 0.952749  0.58282 0.732117 0.180401 3.45174
current:0.107401      0.1 0.952749  0.58282 0.732117 0.180401 3.45174
current:0.107401      0.1 0.952749  0.58282 0.732117 0.180401 3.45174
current:0.107401      0.1 0.952749  0.58282 0.732117 0.180401 3.45174
current:0.107401      0.1 0.952749  0.58282 0.732117 0.180401 3.45174
current:0.107401      0.1 0.952749  0.58282 0.732117 0.180401 3.45174
current:0.107401      0.1 0.952749  0.58282 0.732117 0.180401 3.45174
current:0.107401      0.1 0.952749  0.58282 0.732117 0.180401 3.45174
current:0.107401      0.1 0.952749  0.58282 0.732117 0.180401 3.45174
underflow!0.00387834
pos0.00387834        0.1   0.930904   0.529895   0.264818   0.181167
current:0.107401      0.1 0.952749  0.58282 0.732117 0.180401 3.45174
current:0.100535      0.1 0.952111 0.554691 0.891261 0.179051 2.70882
current:0.100535      0.1 0.952111 0.554691 0.891261 0.179051 2.70882
current:0.100535      0.1 0.952111 0.554691 0.891261 0.179051 2.70882
current:0.100535      0.1 0.952111 0.554691 0.891261 0.179051 2.70882
current:0.100535      0.1 0.952111 0.554691 0.891261 0.179051 2.70882
current:0.100535      0.1 0.952111 0.554691 0.891261 0.179051 2.70882
current:0.100535      0.1 0.952111 0.554691 0.891261 0.179051 2.70882
overflow!
overflow!
current:0.100535      0.1 0.952111 0.554691 0.891261 0.179051 2.70882
current:0.100535      0.1 0.952111 0.554691 0.891261 0.179051 2.70882
current:0.100535      0.1 0.952111 0.554691 0.891261 0.179051 2.70882
current:0.100535      0.1 0.952111 0.554691 0.891261 0.179051 2.70882
current:0.100535      0.1 0.952111 0.554691 0.891261 0.179051 2.70882
current:0.100535      0.1 0.952111 0.554691 0.891261 0.179051 2.70882
current:0.100535      0.1 0.952111 0.554691 0.891261 0.179051 2.70882
current:0.100535      0.1 0.952111 0.554691 0.891261 0.179051 2.70882
current:0.100535      0.1 0.952111 0.554691 0.891261 0.179051 2.70882
current:0.100535      0.1 0.952111 0.554691 0.891261 0.179051 2.70882
current:0.100535      0.1 0.952111 0.554691 0.891261 0.179051 2.70882
current:0.100535      0.1 0.952111 0.554691 0.891261 0.179051 2.70882
current:0.100535      0.1 0.952111 0.554691 0.891261 0.179051 2.70882
current:0.100535      0.1 0.952111 0.554691 0.891261 0.179051 2.70882
current:0.100535      0.1 0.952111 0.554691 0.891261 0.179051 2.70882
overflow!
current:0.100535      0.1 0.952111 0.554691 0.891261 0.179051 2.70882
current:0.100535      0.1 0.952111 0.554691 0.891261 0.179051 2.70882
current:0.100535      0.1 0.952111 0.554691 0.891261 0.179051 2.70882
overflow!
current:0.100535      0.1 0.952111 0.554691 0.891261 0.179051 2.70882
current:0.100535      0.1 0.952111 0.554691 0.891261 0.179051 2.70882
current:0.100535      0.1 0.952111 0.554691 0.891261 0.179051 2.70882
overflow!
current:0.100535      0.1 0.952111 0.554691 0.891261 0.179051 2.70882
current:0.100535      0.1 0.952111 0.554691 0.891261 0.179051 2.70882
current:0.100535      0.1 0.952111 0.554691 0.891261 0.179051 2.70882
current:0.100535      0.1 0.952111 0.554691 0.891261 0.179051 2.70882
current:0.100535      0.1 0.952111 0.554691 0.891261 0.179051 2.70882
current:0.100535      0.1 0.952111 0.554691 0.891261 0.179051 2.70882
current:0.100535      0.1 0.952111 0.554691 0.891261 0.179051 2.70882
overflow!
current:0.100535      0.1 0.952111 0.554691 0.891261 0.179051 2.70882
overflow!
current:0.100535      0.1 0.952111 0.554691 0.891261 0.179051 2.70882
current:0.100535      0.1 0.952111 0.554691 0.891261 0.179051 2.70882
current:0.100535      0.1 0.952111 0.554691 0.891261 0.179051 2.70882
current:0.100535      0.1 0.952111 0.554691 0.891261 0.179051 2.70882
current:0.100535      0.1 0.952111 0.554691 0.891261 0.179051 2.70882
current:0.100535      0.1 0.952111 0.554691 0.891261 0.179051 2.70882
current:0.100535      0.1 0.952111 0.554691 0.891261 0.179051 2.70882
current:0.100535      0.1 0.952111 0.554691 0.891261 0.179051 2.70882
current:0.100535      0.1 0.952111 0.554691 0.891261 0.179051 2.70882
current:0.100535      0.1 0.952111 0.554691 0.891261 0.179051 2.70882
current:0.100535      0.1 0.952111 0.554691 0.891261 0.179051 2.70882
current:0.100535      0.1 0.952111 0.554691 0.891261 0.179051 2.70882
underflow!0.00386761
pos0.00386761        0.1   0.940661   0.564476   0.512489   0.125996
current:0.100535      0.1 0.952111 0.554691 0.891261 0.179051 2.70882
underflow!0.000505367
posoverflow!
0.000505367         0.1    0.954102    0.569806   0.0601824    0.162029
current:0.100535      0.1 0.952111 0.554691 0.891261 0.179051 2.70882
current:0.100535      0.1 0.952111 0.554691 0.891261 0.179051 2.70882
current:0.100535      0.1 0.952111 0.554691 0.891261 0.179051 2.70882
current:0.100535      0.1 0.952111 0.554691 0.891261 0.179051 2.70882
current:0.100535      0.1 0.952111 0.554691 0.891261 0.179051 2.70882
current:0.100535      0.1 0.952111 0.554691 0.891261 0.179051 2.70882
current:0.100535      0.1 0.952111 0.554691 0.891261 0.179051 2.70882
overflow!
current:0.100535      0.1 0.952111 0.554691 0.891261 0.179051 2.70882
current:0.100535      0.1 0.952111 0.554691 0.891261 0.179051 2.70882
current:0.100535      0.1 0.952111 0.554691 0.891261 0.179051 2.70882
current:0.100535      0.1 0.952111 0.554691 0.891261 0.179051 2.70882
underflow!0.00424849
pos0.00424849        0.1   0.947105   0.529108   0.813561   0.181475
overflow!
current:0.100535      0.1 0.952111 0.554691 0.891261 0.179051 2.70882
overflow!
current:0.100535      0.1 0.952111 0.554691 0.891261 0.179051 2.70882
current:0.100535      0.1 0.952111 0.554691 0.891261 0.179051 2.70882
current:0.100535      0.1 0.952111 0.554691 0.891261 0.179051 2.70882
current:0.100535      0.1 0.952111 0.554691 0.891261 0.179051 2.70882
current:0.100535      0.1 0.952111 0.554691 0.891261 0.179051 2.70882
current:0.100535      0.1 0.952111 0.554691 0.891261 0.179051 2.70882
current:0.100535      0.1 0.952111 0.554691 0.891261 0.179051 2.70882
current:0.100535      0.1 0.952111 0.554691 0.891261 0.179051 2.70882
current:0.100535      0.1 0.952111 0.554691 0.891261 0.179051 2.70882
current:0.100535      0.1 0.952111 0.554691 0.891261 0.179051 2.70882
overflow!
current:0.100535      0.1 0.952111 0.554691 0.891261 0.179051 2.70882
current:0.100535      0.1 0.952111 0.554691 0.891261 0.179051 2.70882
underflow!0.000179868
pos0.000179868         0.1    0.958503    0.546879    0.855863    0.178553
current:0.100535      0.1 0.952111 0.554691 0.891261 0.179051 2.70882
underflow!0.00408415
pos0.00408415        0.1   0.959647    0.57227   0.233654   0.183711
current:0.100535      0.1 0.952111 0.554691 0.891261 0.179051 2.70882
overflow!
current:0.100535      0.1 0.952111 0.554691 0.891261 0.179051 2.70882
overflow!
current:0.100535      0.1 0.952111 0.554691 0.891261 0.179051 2.70882
current:0.100535      0.1 0.952111 0.554691 0.891261 0.179051 2.70882
current:0.100535      0.1 0.952111 0.554691 0.891261 0.179051 2.70882
current:0.100535      0.1 0.952111 0.554691 0.891261 0.179051 2.70882
underflow!0.00077711
pos  0.948033        0.1    0.95502   0.541648 0.00077711   0.190582
current:0.100535      0.1 0.952111 0.554691 0.891261 0.179051 2.70882
current:0.100535      0.1 0.952111 0.554691 0.891261 0.179051 2.70882
current:0.100535      0.1 0.952111 0.554691 0.891261 0.179051 2.70882
current:0.100535      0.1 0.952111 0.554691 0.891261 0.179051 2.70882
current:0.100535      0.1 0.952111 0.554691 0.891261 0.179051 2.70882
current:0.100535      0.1 0.952111 0.554691 0.891261 0.179051 2.70882
current:0.100535      0.1 0.952111 0.554691 0.891261 0.179051 2.70882
current:0.100535      0.1 0.952111 0.554691 0.891261 0.179051 2.70882
current:0.100535      0.1 0.952111 0.554691 0.891261 0.179051 2.70882
current:0.101837      0.1  0.95193 0.553772 0.882378 0.178557 2.69268
current:0.101837      0.1  0.95193 0.553772 0.882378 0.178557 2.69268
current:0.101837      0.1  0.95193 0.553772 0.882378 0.178557 2.69268
current:0.101837      0.1  0.95193 0.553772 0.882378 0.178557 2.69268
current:0.101837      0.1  0.95193 0.553772 0.882378 0.178557 2.69268
current:0.101837      0.1  0.95193 0.553772 0.882378 0.178557 2.69268
current:0.101837      0.1  0.95193 0.553772 0.882378 0.178557 2.69268
current:0.101837      0.1  0.95193 0.553772 0.882378 0.178557 2.69268
current:0.101837      0.1  0.95193 0.553772 0.882378 0.178557 2.69268
current:0.101837      0.1  0.95193 0.553772 0.882378 0.178557 2.69268
current:0.101837      0.1  0.95193 0.553772 0.882378 0.178557 2.69268
current:0.101837      0.1  0.95193 0.553772 0.882378 0.178557 2.69268
current:0.101837      0.1  0.95193 0.553772 0.882378 0.178557 2.69268
current:0.101837      0.1  0.95193 0.553772 0.882378 0.178557 2.69268
current:0.101837      0.1  0.95193 0.553772 0.882378 0.178557 2.69268
current:0.101837      0.1  0.95193 0.553772 0.882378 0.178557 2.69268
current:0.101837      0.1  0.95193 0.553772 0.882378 0.178557 2.69268
current:0.101837      0.1  0.95193 0.553772 0.882378 0.178557 2.69268
overflow!
current:0.101837      0.1  0.95193 0.553772 0.882378 0.178557 2.69268
current:0.101837      0.1  0.95193 0.553772 0.882378 0.178557 2.69268
current:0.101837      0.1  0.95193 0.553772 0.882378 0.178557 2.69268
current:0.101837      0.1  0.95193 0.553772 0.882378 0.178557 2.69268
current:0.101837      0.1  0.95193 0.553772 0.882378 0.178557 2.69268
underflow!0.0026209
pos 0.867699       0.1  0.948731  0.560332 0.0026209   0.17887
current:0.101837      0.1  0.95193 0.553772 0.882378 0.178557 2.69268
current:0.101837      0.1  0.95193 0.553772 0.882378 0.178557 2.69268
current:0.101837      0.1  0.95193 0.553772 0.882378 0.178557 2.69268
current:0.101837      0.1  0.95193 0.553772 0.882378 0.178557 2.69268
current:0.101837      0.1  0.95193 0.553772 0.882378 0.178557 2.69268
current:0.101837      0.1  0.95193 0.553772 0.882378 0.178557 2.69268
current:0.101159      0.1 0.951297 0.495061 0.946053 0.177339 2.57105
overflow!
current:0.101159      0.1 0.951297 0.495061 0.946053 0.177339 2.57105
current:0.101159      0.1 0.951297 0.495061 0.946053 0.177339 2.57105
current:0.101159      0.1 0.951297 0.495061 0.946053 0.177339 2.57105
current:0.101159      0.1 0.951297 0.495061 0.946053 0.177339 2.57105
underflow!0.0030368
pos0.0030368       0.1   0.95135  0.539944  0.409208  0.253339
current:0.101159      0.1 0.951297 0.495061 0.946053 0.177339 2.57105
underflow!0.00185144
pos0.00185144        0.1   0.950849   0.488304   0.373678    0.16215
current:0.101159      0.1 0.951297 0.495061 0.946053 0.177339 2.57105
current:0.101159      0.1 0.951297 0.495061 0.946053 0.177339 2.57105
current:0.101159      0.1 0.951297 0.495061 0.946053 0.177339 2.57105
current:0.101159      0.1 0.951297 0.495061 0.946053 0.177339 2.57105
current:0.101159      0.1 0.951297 0.495061 0.946053 0.177339 2.57105
current:0.101159      0.1 0.951297 0.495061 0.946053 0.177339 2.57105
current:0.101159      0.1 0.951297 0.495061 0.946053 0.177339 2.57105
current:0.101159      0.1 0.951297 0.495061 0.946053 0.177339 2.57105
current:0.101159      0.1 0.951297 0.495061 0.946053 0.177339 2.57105
current:0.101159      0.1 0.951297 0.495061 0.946053 0.177339 2.57105
current:0.101159      0.1 0.951297 0.495061 0.946053 0.177339 2.57105
current:0.101159      0.1 0.951297 0.495061 0.946053 0.177339 2.57105
current:0.101159      0.1 0.951297 0.495061 0.946053 0.177339 2.57105
current:0.101159      0.1 0.951297 0.495061 0.946053 0.177339 2.57105
current:0.101159      0.1 0.951297 0.495061 0.946053 0.177339 2.57105
underflow!0.0043823
pos0.0043823       0.1  0.926422  0.529488  0.572317  0.234707
current:0.101159      0.1 0.951297 0.495061 0.946053 0.177339 2.57105
current:0.101159      0.1 0.951297 0.495061 0.946053 0.177339 2.57105
current:0.101159      0.1 0.951297 0.495061 0.946053 0.177339 2.57105
current:0.101159      0.1 0.951297 0.495061 0.946053 0.177339 2.57105
current:0.101159      0.1 0.951297 0.495061 0.946053 0.177339 2.57105
current:0.101159      0.1 0.951297 0.495061 0.946053 0.177339 2.57105
current:0.101159      0.1 0.951297 0.495061 0.946053 0.177339 2.57105
current:0.101159      0.1 0.951297 0.495061 0.946053 0.177339 2.57105
current:0.101159      0.1 0.951297 0.495061 0.946053 0.177339 2.57105
current:0.101159      0.1 0.951297 0.495061 0.946053 0.177339 2.57105
current:0.101159      0.1 0.951297 0.495061 0.946053 0.177339 2.57105
underflow!0.000219615
pos   0.837631         0.1    0.949963    0.542037 0.000219615    0.173325
current:0.101159      0.1 0.951297 0.495061 0.946053 0.177339 2.57105
current:0.101159      0.1 0.951297 0.495061 0.946053 0.177339 2.57105
current:0.101159      0.1 0.951297 0.495061 0.946053 0.177339 2.57105
current:0.101159      0.1 0.951297 0.495061 0.946053 0.177339 2.57105
current:0.101159      0.1 0.951297 0.495061 0.946053 0.177339 2.57105
overflow!
current:0.101159      0.1 0.951297 0.495061 0.946053 0.177339 2.57105
current:0.101159      0.1 0.951297 0.495061 0.946053 0.177339 2.57105
underflow!0.000608473
pos0.000608473         0.1    0.956815    0.542634    0.913154    0.184824
current:0.101159      0.1 0.951297 0.495061 0.946053 0.177339 2.57105
current:0.101159      0.1 0.951297 0.495061 0.946053 0.177339 2.57105
current:0.101159      0.1 0.951297 0.495061 0.946053 0.177339 2.57105
overflow!
current:0.101159      0.1 0.951297 0.495061 0.946053 0.177339 2.57105
underflow!0.00175806
pos  0.892282        0.1    0.97139   0.513113 0.00175806   0.205579
current:0.101159      0.1 0.951297 0.495061 0.946053 0.177339 2.57105
current:0.101159      0.1 0.951297 0.495061 0.946053 0.177339 2.57105
current:0.101159      0.1 0.951297 0.495061 0.946053 0.177339 2.57105
current:0.101159      0.1 0.951297 0.495061 0.946053 0.177339 2.57105
current:0.101159      0.1 0.951297 0.495061 0.946053 0.177339 2.57105
current:0.101159      0.1 0.951297 0.495061 0.946053 0.177339 2.57105
current:0.101159      0.1 0.951297 0.495061 0.946053 0.177339 2.57105
current:0.101159      0.1 0.951297 0.495061 0.946053 0.177339 2.57105
current:0.101159      0.1 0.951297 0.495061 0.946053 0.177339 2.57105
current:0.101159      0.1 0.951297 0.495061 0.946053 0.177339 2.57105
current:0.101159      0.1 0.951297 0.495061 0.946053 0.177339 2.57105
current:0.101159      0.1 0.951297 0.495061 0.946053 0.177339 2.57105
current:0.101159      0.1 0.951297 0.495061 0.946053 0.177339 2.57105
current:0.101159      0.1 0.951297 0.495061 0.946053 0.177339 2.57105
current:0.101159      0.1 0.951297 0.495061 0.946053 0.177339 2.57105
overflow!
current:0.101159      0.1 0.951297 0.495061 0.946053 0.177339 2.57105
current:0.101159      0.1 0.951297 0.495061 0.946053 0.177339 2.57105
current:0.101159      0.1 0.951297 0.495061 0.946053 0.177339 2.57105
current:0.101159      0.1 0.951297 0.495061 0.946053 0.177339 2.57105
current:0.101159      0.1 0.951297 0.495061 0.946053 0.177339 2.57105
underflow!0.00436618
pos0.00436618        0.1   0.928467   0.471441  0.0322301   0.183046
current:0.101159      0.1 0.951297 0.495061 0.946053 0.177339 2.57105
current:0.101159      0.1 0.951297 0.495061 0.946053 0.177339 2.57105
current:0.101159      0.1 0.951297 0.495061 0.946053 0.177339 2.57105
current:0.101159      0.1 0.951297 0.495061 0.946053 0.177339 2.57105
current:0.101159      0.1 0.951297 0.495061 0.946053 0.177339 2.57105
current:0.101159      0.1 0.951297 0.495061 0.946053 0.177339 2.57105
current:0.101159      0.1 0.951297 0.495061 0.946053 0.177339 2.57105
current:0.101159      0.1 0.951297 0.495061 0.946053 0.177339 2.57105
current:0.101159      0.1 0.951297 0.495061 0.946053 0.177339 2.57105
current:0.101159      0.1 0.951297 0.495061 0.946053 0.177339 2.57105
overflow!
current:0.101159      0.1 0.951297 0.495061 0.946053 0.177339 2.57105
overflow!
current:0.101159      0.1 0.951297 0.495061 0.946053 0.177339 2.57105
current:0.101159      0.1 0.951297 0.495061 0.946053 0.177339 2.57105
underflow!0.00194385
pos0.00194385        0.1   0.959869   0.480506   0.155206   0.178545
current:0.101159      0.1 0.951297 0.495061 0.946053 0.177339 2.57105
current:0.101159      0.1 0.951297 0.495061 0.946053 0.177339 2.57105
current:0.101159      0.1 0.951297 0.495061 0.946053 0.177339 2.57105
current:0.101159      0.1 0.951297 0.495061 0.946053 0.177339 2.57105
current:0.101159      0.1 0.951297 0.495061 0.946053 0.177339 2.57105
overflow!
current:0.101159      0.1 0.951297 0.495061 0.946053 0.177339 2.57105
current:0.101159      0.1 0.951297 0.495061 0.946053 0.177339 2.57105
current:0.101159      0.1 0.951297 0.495061 0.946053 0.177339 2.57105
current:0.101159      0.1 0.951297 0.495061 0.946053 0.177339 2.57105
current:0.101159      0.1 0.951297 0.495061 0.946053 0.177339 2.57105
current:0.101159      0.1 0.951297 0.495061 0.946053 0.177339 2.57105
current:0.101159      0.1 0.951297 0.495061 0.946053 0.177339 2.57105
current:0.101159      0.1 0.951297 0.495061 0.946053 0.177339 2.57105
current:0.101159      0.1 0.951297 0.495061 0.946053 0.177339 2.57105
current:0.101159      0.1 0.951297 0.495061 0.946053 0.177339 2.57105
current:0.101159      0.1 0.951297 0.495061 0.946053 0.177339 2.57105
underflow!0.00159699
pos  0.456635        0.1   0.948209   0.547391 0.00159699   0.182093
