nRuns:1
Using two part PSO Sample Size:5000 with:27 moments.
Using Times:0.5   2  10  20  30
Bounds for Uniform Distribution (0,1)
Blind PSO --> nParts:1 Nsteps:1
Targeted PSO --> nParts:1 Nsteps:1
sdbeta:0.1
Reading in data!
Using starting row of data:0 and 5000 data pts!
first row X0:    289 1887.66 6.03024 5.41377 151.237 5.57028
final row X0:197.994 2376.11 5.26924 5.11029 203.092 6.30784



Loading in Truk!
Calculating Yt!
truk cost:3.95417e+09
Omega Weights:
    0.798096     -266.615      56.8668      7.74371     -18.2693      17.9984      4.84857      -911372      30673.4      573.967     -4360.58      3879.27      593.174      352.918      42.3916      37.7612      125.341      25252.2      6802.66     -58882.1      1988.54      3685.12      1102.03        10780      153.941       1178.8      154.502
    -266.615       266734     -6450.13     -1095.64      4317.32     -1730.55     -1184.99  1.04331e+09 -3.45855e+06     -71385.1  1.17543e+06      -382255     -66760.7     -83750.8     -8347.09     -20696.7     -32072.6  4.66918e+07  2.12382e+06  3.95061e+07  2.18511e+07      -458006       302015 -1.15052e+06     -13711.3      -146047       204246
     56.8668     -6450.13      6912.52      874.077     -1996.62      2269.73      264.869 -2.08738e+07  3.63599e+06      61485.4      -470333       481576      72363.3      28434.3       3285.4      2137.49      10186.8  1.00454e+07  1.30859e+06 -4.11591e+06  3.20186e+06       412220       217625  1.30843e+06      20285.1       134992      58643.6
     7.74371     -1095.64      874.077      229.039     -734.721       172.83      41.6813 -3.68876e+06       495744        18326      -179211      36724.9      9143.29      4089.11      784.146     -616.063      1160.23  1.17161e+06       346967 -1.36742e+06       182810      97032.2      -105510       138347      54.8349      28298.9       -54863
    -18.2693      4317.32     -1996.62     -734.721      6445.51     -192.171      -83.491  1.51787e+07 -1.03033e+06     -38056.1  2.23826e+06     -40590.2       -20895     -8517.65      -1808.8       6916.2     -2269.88 -2.43402e+06 -1.17341e+06  1.19826e+07      73678.7      -239186  1.12741e+06      -253422      2635.95     -78341.3       568980
     17.9984     -1730.55      2269.73       172.83     -192.171      855.884      78.2249 -5.42033e+06  1.15898e+06      10011.3     -39544.2       181524      23767.9      8815.32      719.099       1543.1       3451.4  3.42297e+06       257119      -525566   1.2786e+06      92024.4       199510       455826      9080.73      33499.1      79265.4
     4.84857     -1184.99      264.869      41.6813      -83.491      78.2249      41.6108 -3.69944e+06       155722      3694.18     -19255.7        17815      2747.87      2281.78      324.876      167.708      756.882      65559.7      28493.9      -242864     -10563.7        21341      1271.51        51862      566.859      6428.87     -860.751
     -911372  1.04331e+09 -2.08738e+07 -3.68876e+06  1.51787e+07 -5.42033e+06 -3.69944e+06  4.27659e+12 -1.11955e+10  -2.3503e+08  4.17153e+09 -1.20783e+09 -2.16152e+08 -2.77591e+08 -2.69831e+07 -7.32594e+07 -1.07279e+08  1.85895e+11  8.59484e+09  1.54177e+11  8.66715e+10 -1.50905e+09  1.18768e+09 -3.69042e+09 -4.16869e+07 -4.81821e+08  7.70733e+08
     30673.4 -3.45855e+06  3.63599e+06       495744 -1.03033e+06  1.15898e+06       155722 -1.11955e+10  2.06329e+09   3.9233e+07 -2.38488e+08  2.59962e+08  3.80495e+07  1.63984e+07  2.02722e+06       912406  5.72515e+06   5.1599e+09  7.30267e+08 -2.10327e+09  1.58695e+09  2.50871e+08  8.17687e+07  7.23178e+08  9.47274e+06   8.0028e+07  1.74755e+07
     573.967     -71385.1      61485.4        18326     -38056.1      10011.3      3694.18  -2.3503e+08   3.9233e+07  1.88706e+06 -8.03085e+06  2.22398e+06       642539       336699      74704.5     -36696.7      85107.8  7.97639e+07  2.68097e+07 -6.99317e+07  9.38445e+06  8.84552e+06 -6.09295e+06  9.74282e+06       -54992  2.34484e+06 -3.06913e+06
    -4360.58  1.17543e+06      -470333      -179211  2.23826e+06     -39544.2     -19255.7  4.17153e+09 -2.38488e+08 -8.03085e+06  9.07955e+08 -8.74462e+06 -4.92245e+06 -1.98063e+06      -411523     2.43e+06      -537681 -5.52623e+08 -2.89812e+08  4.17145e+09  4.06287e+07 -5.52028e+07  3.94789e+08 -5.89318e+07       550889 -1.89028e+07  1.99406e+08
     3879.27      -382255       481576      36724.9     -40590.2       181524        17815 -1.20783e+09  2.59962e+08  2.22398e+06 -8.74462e+06  4.04594e+07  5.04192e+06  1.99342e+06       162510       324260       778623  7.14773e+08  5.38045e+07 -1.11331e+08  2.66662e+08   2.0671e+07  4.12529e+07  1.01935e+08  1.89601e+06  7.52689e+06   1.6364e+07
     593.174     -66760.7      72363.3      9143.29       -20895      23767.9      2747.87 -2.16152e+08  3.80495e+07       642539 -4.92245e+06  5.04192e+06       757550       296708      34233.2      22309.7       106347  1.05419e+08  1.37159e+07 -4.30165e+07  3.36271e+07  4.31065e+06  2.28424e+06  1.36958e+07       212531   1.4121e+06       616572
     352.918     -83750.8      28434.3      4089.11     -8517.65      8815.32      2281.78 -2.77591e+08  1.63984e+07       336699 -1.98063e+06  1.99342e+06       296708       173409      22317.7      12711.8      59811.9  2.27078e+07  4.35624e+06 -2.23378e+07  5.14602e+06  2.08267e+06       413474  5.64214e+06      69080.5       652043      31765.3
     42.3916     -8347.09       3285.4      784.146      -1808.8      719.099      324.876 -2.69831e+07  2.02722e+06      74704.5      -411523       162510      34233.2      22317.7      4123.78     -879.019      6465.78   2.7387e+06       925105 -3.62693e+06       254372       381376      -230817       576016      1177.05       107255      -123230
     37.7612     -20696.7      2137.49     -616.063       6916.2       1543.1      167.708 -7.32594e+07       912406     -36696.7     2.43e+06       324260      22309.7      12711.8     -879.019      15965.6      6910.18 -1.11859e+06 -1.24444e+06   8.7049e+06       470037      -167395  1.87767e+06       590098      24143.3     -46323.6       889270
     125.341     -32072.6      10186.8      1160.23     -2269.88       3451.4      756.882 -1.07279e+08  5.72515e+06      85107.8      -537681       778623       106347      59811.9      6465.78      6910.18      21850.8  7.88503e+06   1.1405e+06 -7.12002e+06  2.11471e+06       605526       419537  2.08951e+06      31469.6       201551       134749
     25252.2  4.66918e+07  1.00454e+07  1.17161e+06 -2.43402e+06  3.42297e+06      65559.7  1.85895e+11   5.1599e+09  7.97639e+07 -5.52623e+08  7.14773e+08  1.05419e+08  2.27078e+07   2.7387e+06 -1.11859e+06  7.88503e+06   2.8575e+10  2.80538e+09  1.00508e+09   1.0688e+10  5.52716e+08  4.60708e+08  1.89879e+09  3.17756e+07  1.84293e+08  1.55488e+08
     6802.66  2.12382e+06  1.30859e+06       346967 -1.17341e+06       257119      28493.9  8.59484e+09  7.30267e+08  2.68097e+07 -2.89812e+08  5.38045e+07  1.37159e+07  4.35624e+06       925105 -1.24444e+06   1.1405e+06  2.80538e+09  6.44544e+08 -1.91571e+09  6.68155e+08  1.43691e+08 -1.70287e+08  2.04002e+08      34376.6  4.23889e+07 -8.82353e+07
    -58882.1  3.95061e+07 -4.11591e+06 -1.36742e+06  1.19826e+07      -525566      -242864  1.54177e+11 -2.10327e+09 -6.99317e+07  4.17145e+09 -1.11331e+08 -4.30165e+07 -2.23378e+07 -3.62693e+06   8.7049e+06 -7.12002e+06  1.00508e+09 -1.91571e+09  2.77687e+10  2.70755e+09 -4.47621e+08  2.02017e+09 -5.54105e+08  2.56199e+06 -1.47643e+08  1.02769e+09
     1988.54  2.18511e+07  3.20186e+06       182810      73678.7   1.2786e+06     -10563.7  8.66715e+10  1.58695e+09  9.38445e+06  4.06287e+07  2.66662e+08  3.36271e+07  5.14602e+06       254372       470037  2.11471e+06   1.0688e+10  6.68155e+08  2.70755e+09  4.41269e+09  1.05981e+08  3.74297e+08  6.47855e+08  1.41521e+07  4.07483e+07  1.57034e+08
     3685.12      -458006       412220      97032.2      -239186      92024.4        21341 -1.50905e+09  2.50871e+08  8.84552e+06 -5.52028e+07   2.0671e+07  4.31065e+06  2.08267e+06       381376      -167395       605526  5.52716e+08  1.43691e+08 -4.47621e+08  1.05981e+08  4.63287e+07 -3.03736e+07  7.23585e+07       178232  1.32918e+07 -1.62264e+07
     1102.03       302015       217625      -105510  1.12741e+06       199510      1271.51  1.18768e+09  8.17687e+07 -6.09295e+06  3.94789e+08  4.12529e+07  2.28424e+06       413474      -230817  1.87767e+06       419537  4.60708e+08 -1.70287e+08  2.02017e+09  3.74297e+08 -3.03736e+07  2.88218e+08  6.82558e+07  3.29385e+06 -8.85548e+06  1.37791e+08
       10780 -1.15052e+06  1.30843e+06       138347      -253422       455826        51862 -3.69042e+09  7.23178e+08  9.74282e+06 -5.89318e+07  1.01935e+08  1.36958e+07  5.64214e+06       576016       590098  2.08951e+06  1.89879e+09  2.04002e+08 -5.54105e+08  6.47855e+08  7.23585e+07  6.82558e+07  2.68874e+08  4.29583e+06  2.45548e+07   2.4103e+07
     153.941     -13711.3      20285.1      54.8349      2635.95      9080.73      566.859 -4.16869e+07  9.47274e+06       -54992       550889  1.89601e+06       212531      69080.5      1177.05      24143.3      31469.6  3.17756e+07      34376.6  2.56199e+06  1.41521e+07       178232  3.29385e+06  4.29583e+06       115484       133750   1.3984e+06
      1178.8      -146047       134992      28298.9     -78341.3      33499.1      6428.87 -4.81821e+08   8.0028e+07  2.34484e+06 -1.89028e+07  7.52689e+06   1.4121e+06       652043       107255     -46323.6       201551  1.84293e+08  4.23889e+07 -1.47643e+08  4.07483e+07  1.32918e+07 -8.85548e+06  2.45548e+07       133750   4.0044e+06  -4.8943e+06
     154.502       204246      58643.6       -54863       568980      79265.4     -860.751  7.70733e+08  1.74755e+07 -3.06913e+06  1.99406e+08   1.6364e+07       616572      31765.3      -123230       889270       134749  1.55488e+08 -8.82353e+07  1.02769e+09  1.57034e+08 -1.62264e+07  1.37791e+08   2.4103e+07   1.3984e+06  -4.8943e+06   6.6354e+07
Omega Weights:
     35.6683     -904.093        129.8      275.329     -17.5002      8.07811      5949.61 -2.11605e+06        73038       191641     -2121.12      4363.19      859.861      11561.3      23110.9     0.481023         5577     -89628.4      14939.4     -33252.3      -160033       118883     -2183.63      26950.9     -92.2543        51450     -3517.68
    -904.093       295596     -14997.4     -27811.9      3174.35     -241.079     -54520.8  9.82255e+08 -7.82344e+06 -1.53665e+07       434690      -331577      -148487      -315371      -455627     -434.122      -172650  4.40042e+07  1.64125e+07  9.93064e+06  5.73878e+07 -1.12677e+07       390243 -2.97044e+06      16252.3 -5.14977e+06       631844
       129.8     -14997.4      6731.78      10825.8     -1070.69      1352.95      4333.39   -4.062e+07  3.49871e+06  6.11066e+06      -133764       653955      69371.2      59677.6      83402.7     -719.551      28050.6  5.42782e+06  1.08187e+07  -1.8832e+06      -890015  4.63937e+06      -118335  1.61108e+06      -3783.8  2.20799e+06      -193520
     275.329     -27811.9      10825.8        22906     -2543.52     -2434.33      17637.7 -7.53888e+07  5.77416e+06  1.26424e+07      -318606      -972194       110594       119278       192360     -2386.78      45048.1   7.5143e+06  2.37097e+07 -4.33741e+06 -8.76102e+06  9.09075e+06      -356960  1.46717e+06     -19256.5  3.82276e+06      -571217
    -17.5002      3174.35     -1070.69     -2543.52      1659.33      533.707     -650.208  9.60033e+06      -459336      -844783       340112       225458     -11112.8     -6633.74     -10094.9      1611.36     -2553.31      -957681 -3.32049e+06   2.8694e+06  1.43669e+06      -724854       233417      -104662      6319.84      -438862       379395
     8.07811     -241.079      1352.95     -2434.33      533.707      4190.31      -1299.4     -99494.5       594472 -1.01635e+06      67916.2  1.85484e+06      14189.8      4663.74     -6792.19      967.872      11466.3  1.95765e+06 -3.42707e+06       819074   6.0015e+06      -395767       125565  1.27315e+06      10746.9       208131       194508
     5949.61     -54520.8      4333.39      17637.7     -650.208      -1299.4   1.1731e+06 -9.61539e+07  2.40086e+06  1.42282e+07     -75596.9      -497620     -32335.5  1.76715e+06  3.93189e+06      1169.32       823773 -1.03066e+07 -7.13069e+06 -1.12698e+06 -1.04651e+07  6.34632e+06     -92770.2       466848     -6079.12  2.56246e+06      -145174
-2.11605e+06  9.82255e+08   -4.062e+07 -7.53888e+07  9.60033e+06     -99494.5 -9.61539e+07  3.50493e+12 -2.07776e+10 -4.00345e+10  1.37882e+09 -8.06575e+08 -4.08748e+08 -7.18644e+08 -9.81362e+08 -1.90436e+06 -4.08986e+08  1.49093e+11  5.89718e+10  3.36769e+10  1.91487e+11 -2.97022e+10  1.16922e+09 -7.92268e+09  4.72604e+07 -1.37219e+10  1.89597e+09
       73038 -7.82344e+06  3.49871e+06  5.77416e+06      -459336       594472  2.40086e+06 -2.07776e+10  1.95767e+09  3.62503e+09 -5.65984e+07  2.92218e+08  3.59221e+07  3.56803e+07  5.08203e+07      -329747  1.57667e+07  2.54392e+09  5.37525e+09 -8.02119e+08 -6.70048e+08  2.68072e+09  -5.3905e+07  8.33367e+08 -1.77149e+06   1.1988e+09 -8.78652e+07
      191641 -1.53665e+07  6.11066e+06  1.26424e+07      -844783 -1.01635e+06  1.42282e+07 -4.00345e+10  3.62503e+09  8.44336e+09 -1.00746e+08 -4.08847e+08   6.1681e+07   8.8115e+07   1.4594e+08      -775735  3.17702e+07  3.52423e+09   1.1421e+10 -1.43793e+09 -4.29772e+09  5.78587e+09 -1.19365e+08  8.85727e+08 -6.97306e+06  2.12807e+09 -1.90365e+08
    -2121.12       434690      -133764      -318606       340112      67916.2     -75596.9  1.37882e+09 -5.65984e+07 -1.00746e+08   9.0324e+07  2.92394e+07 -1.38925e+06      -798028 -1.20943e+06       339725      -307401 -1.18319e+08 -4.21374e+08  5.88932e+08   1.8825e+08 -8.88168e+07  4.79505e+07  -1.3221e+07       876611 -5.61629e+07    7.831e+07
     4363.19      -331577       653955      -972194       225458  1.85484e+06      -497620 -8.06575e+08  2.92218e+08 -4.08847e+08  2.92394e+07  8.64096e+08  6.86092e+06  2.30202e+06 -2.77852e+06       444363  5.35228e+06  9.04958e+08 -1.37998e+09  3.39152e+08  2.60234e+09 -1.52898e+08   5.6675e+07   5.9157e+08  4.76027e+06  9.40187e+07  8.77525e+07
     859.861      -148487      69371.2       110594     -11112.8      14189.8     -32335.5 -4.08748e+08  3.59221e+07   6.1681e+07 -1.38925e+06  6.86092e+06       723001       448247       535372     -7624.58       210112  5.83446e+07  1.14156e+08 -1.95446e+07 -7.64464e+06  4.72638e+07 -1.22476e+06  1.66583e+07       -38909  2.26034e+07 -2.00364e+06
     11561.3      -315371      59677.6       119278     -6633.74      4663.74  1.76715e+06 -7.18644e+08  3.56803e+07   8.8115e+07      -798028  2.30202e+06       448247  4.11551e+06  7.84776e+06     -1129.95  1.91315e+06 -2.16767e+07  2.15767e+07 -1.19981e+07 -5.45852e+07  5.64619e+07      -846459  1.28324e+07     -34008.3  2.33081e+07 -1.36471e+06
     23110.9      -455627      83402.7       192360     -10094.9     -6792.19  3.93189e+06 -9.81362e+08  5.08203e+07   1.4594e+08 -1.20943e+06 -2.77852e+06       535372  7.84776e+06  1.58979e+07     -2416.47  3.51792e+06 -3.85585e+07  3.35065e+07 -1.73707e+07 -9.20222e+07  8.81919e+07 -1.41769e+06  1.41549e+07     -75242.6  3.38489e+07 -2.26025e+06
    0.481023     -434.122     -719.551     -2386.78      1611.36      967.872      1169.32 -1.90436e+06      -329747      -775735       339725       444363     -7624.58     -1129.95     -2416.47      2198.39      1742.93 -1.06216e+06 -3.31673e+06  2.38461e+06   1.2376e+06      -663713       259686      54908.6      7478.16      -392624       420047
        5577      -172650      28050.6      45048.1     -2553.31      11466.3       823773 -4.08986e+08  1.57667e+07  3.17702e+07      -307401  5.35228e+06       210112  1.91315e+06  3.51792e+06      1742.93       995336 -1.35211e+07 -3.06192e+06  -5.3435e+06 -1.99378e+07   2.1483e+07      -224111  8.63484e+06      3646.29  1.08536e+07      -377747
    -89628.4  4.40042e+07  5.42782e+06   7.5143e+06      -957681  1.95765e+06 -1.03066e+07  1.49093e+11  2.54392e+09  3.52423e+09 -1.18319e+08  9.04958e+08  5.83446e+07 -2.16767e+07 -3.85585e+07 -1.06216e+06 -1.35211e+07  1.86523e+10  2.05513e+10  -1.0524e+09  1.19488e+10  2.95346e+09  -9.0711e+07  1.47226e+09  -1.8831e+06  1.62858e+09 -1.50472e+08
     14939.4  1.64125e+07  1.08187e+07  2.37097e+07 -3.32049e+06 -3.42707e+06 -7.13069e+06  5.89718e+10  5.37525e+09   1.1421e+10 -4.21374e+08 -1.37998e+09  1.14156e+08  2.15767e+07  3.35065e+07 -3.31673e+06 -3.06192e+06  2.05513e+10  4.01376e+10 -5.56615e+09 -2.12471e+09  8.51245e+09 -4.66437e+08  1.22989e+09  -2.5188e+07  3.79254e+09 -7.46572e+08
    -33252.3  9.93064e+06  -1.8832e+06 -4.33741e+06   2.8694e+06       819074 -1.12698e+06  3.36769e+10 -8.02119e+08 -1.43793e+09  5.88932e+08  3.39152e+08 -1.95446e+07 -1.19981e+07 -1.73707e+07  2.38461e+06  -5.3435e+06  -1.0524e+09 -5.56615e+09  5.51749e+09  3.32576e+09 -1.23668e+09  3.95114e+08 -2.08322e+08  1.05065e+07 -7.51647e+08  6.42811e+08
     -160033  5.73878e+07      -890015 -8.76102e+06  1.43669e+06   6.0015e+06 -1.04651e+07  1.91487e+11 -6.70048e+08 -4.29772e+09   1.8825e+08  2.60234e+09 -7.64464e+06 -5.45852e+07 -9.20222e+07   1.2376e+06 -1.99378e+07  1.19488e+10 -2.12471e+09  3.32576e+09  2.10427e+10   -2.721e+09  2.70912e+08  1.22107e+09  1.91672e+07 -7.57123e+08  4.25505e+08
      118883 -1.12677e+07  4.63937e+06  9.09075e+06      -724854      -395767  6.34632e+06 -2.97022e+10  2.68072e+09  5.78587e+09 -8.88168e+07 -1.52898e+08  4.72638e+07  5.64619e+07  8.81919e+07      -663713   2.1483e+07  2.95346e+09  8.51245e+09 -1.23668e+09   -2.721e+09  4.09609e+09 -1.01078e+08  7.92774e+08 -5.18251e+06  1.64448e+09 -1.61979e+08
    -2183.63       390243      -118335      -356960       233417       125565     -92770.2  1.16922e+09  -5.3905e+07 -1.19365e+08  4.79505e+07   5.6675e+07 -1.22476e+06      -846459 -1.41769e+06       259686      -224111  -9.0711e+07 -4.66437e+08  3.95114e+08  2.70912e+08 -1.01078e+08  3.64672e+07   1.7504e+06  1.04682e+06 -5.98947e+07  5.90236e+07
     26950.9 -2.97044e+06  1.61108e+06  1.46717e+06      -104662  1.27315e+06       466848 -7.92268e+09  8.33367e+08  8.85727e+08  -1.3221e+07   5.9157e+08  1.66583e+07  1.28324e+07  1.41549e+07      54908.6  8.63484e+06  1.47226e+09  1.22989e+09 -2.08322e+08  1.22107e+09  7.92774e+08   1.7504e+06  6.45189e+08  1.64195e+06  5.03836e+08       470197
    -92.2543      16252.3      -3783.8     -19256.5      6319.84      10746.9     -6079.12  4.72604e+07 -1.77149e+06 -6.97306e+06       876611  4.76027e+06       -38909     -34008.3     -75242.6      7478.16      3646.29  -1.8831e+06  -2.5188e+07  1.05065e+07  1.91672e+07 -5.18251e+06  1.04682e+06  1.64195e+06      54245.4 -2.37316e+06  1.66921e+06
       51450 -5.14977e+06  2.20799e+06  3.82276e+06      -438862       208131  2.56246e+06 -1.37219e+10   1.1988e+09  2.12807e+09 -5.61629e+07  9.40187e+07  2.26034e+07  2.33081e+07  3.38489e+07      -392624  1.08536e+07  1.62858e+09  3.79254e+09 -7.51647e+08 -7.57123e+08  1.64448e+09 -5.98947e+07  5.03836e+08 -2.37316e+06  8.16335e+08 -9.67294e+07
    -3517.68       631844      -193520      -571217       379395       194508      -145174  1.89597e+09 -8.78652e+07 -1.90365e+08    7.831e+07  8.77525e+07 -2.00364e+06 -1.36471e+06 -2.26025e+06       420047      -377747 -1.50472e+08 -7.46572e+08  6.42811e+08  4.25505e+08 -1.61979e+08  5.90236e+07       470197  1.66921e+06 -9.67294e+07  9.55681e+07
Omega Weights:
     13745.4     -37696.4     -5331.21      30351.2     -23.2967     -853.048  4.59961e+06 -4.34155e+07 -1.21258e+06   8.1059e+07     -1358.99      -424542     -60886.4       634445  2.37001e+07      2313.38  2.72772e+06 -5.73261e+06 -3.32219e+07       -39850 -8.42462e+06 -4.61884e+06     -3458.89 -1.17222e+06     -1182.21  5.48678e+06     -8228.51
    -37696.4       316769      9321.13      -169290      275.794      6645.33 -9.84332e+06  5.29672e+08  1.65773e+06 -3.95639e+08      22548.4  3.26953e+06       158838 -2.35435e+06 -6.15757e+07     -6640.18  -7.4796e+06  4.40197e+07  2.32353e+08       548264  7.36317e+07 -7.47109e+06      28701.5  2.68758e+06      9276.53 -3.01062e+07      99077.4
    -5331.21      9321.13       3944.1      2530.15     -7.05795      1156.24 -1.62246e+06   6.2776e+06  1.07099e+06  5.57979e+06     -800.306       575459      41000.7      -189974 -8.47993e+06     -896.721      -967377  2.36909e+06  1.64285e+07     -11691.6  2.37276e+06  6.51487e+06      289.317       964050      1560.44  1.95471e+06      -1971.3
     30351.2      -169290      2530.15       257870      -309.87       -11651  9.13599e+06 -2.42223e+08   1.9908e+06  6.74489e+08     -21346.5 -6.02443e+06     -33345.9  2.15231e+06  6.38776e+07      3221.12  5.62411e+06 -1.77065e+07 -5.89064e+07      -484577 -4.40833e+07  3.69521e+07     -31185.1 -1.02915e+06     -16080.6  4.28544e+07      -114367
    -23.2967      275.794     -7.05795      -309.87      17.2549      47.4938        -6141       532484     -2556.02      -522414      2631.27      28174.3     -34.2304     -1442.82     -40131.3       6.3692     -4090.07      20704.1     -62955.4      30981.9       119453     -41106.2      1511.04       3823.9      75.6344     -50197.9      6634.44
    -853.048      6645.33      1156.24       -11651      47.4938      6804.81      -225777  1.04088e+07       290437 -2.56628e+07      3033.78  3.54607e+06      13192.9        38085 -1.80137e+06      391.049       288627  1.30416e+06      -339448      64739.1  5.25235e+06      -135017      5863.46  1.24283e+06      9258.89  4.81163e+06      21480.8
 4.59961e+06 -9.84332e+06 -1.62246e+06  9.13599e+06        -6141      -225777  1.78875e+09 -1.12083e+10 -3.63593e+08  2.55704e+10      -347239 -1.18304e+08 -1.69939e+07  1.88777e+08  8.28697e+09       742242  9.17868e+08 -1.50371e+09 -8.75236e+09 -1.02441e+07 -2.19882e+09  -1.5321e+09      -946617  -3.5447e+08      -312882  1.68909e+09  -2.1637e+06
-4.34155e+07  5.29672e+08   6.2776e+06 -2.42223e+08       532484  1.04088e+07 -1.12083e+10  1.07314e+12  4.97362e+08 -5.44645e+11  4.88998e+07  5.13693e+09  1.38776e+08 -2.78001e+09 -7.08052e+10 -7.59012e+06 -8.62322e+09  7.09839e+10  3.57484e+11  1.13688e+09  1.26196e+11 -2.05442e+10  5.15379e+07  2.46992e+09   1.4616e+07 -4.35001e+10  1.92438e+08
-1.21258e+06  1.65773e+06  1.07099e+06   1.9908e+06     -2556.02       290437 -3.63593e+08  4.97362e+08  3.12449e+08  5.05783e+09      -240878  1.46792e+08  1.11722e+07 -4.41237e+07  -1.9233e+09      -211886 -2.26613e+08  5.67833e+08  4.19171e+09 -4.10531e+06  4.66178e+08  1.99514e+09      678.234   2.6679e+08       391121  7.82125e+08      -773277
  8.1059e+07 -3.95639e+08  5.57979e+06  6.74489e+08      -522414 -2.56628e+07  2.55704e+10 -5.44645e+11  5.05783e+09  1.90075e+12 -3.09944e+07 -1.29779e+10 -1.09769e+08  5.99258e+09  1.82839e+11  7.83106e+06   1.4898e+10  -4.3517e+10 -1.66211e+11 -7.90341e+08 -9.87333e+10  9.80668e+10 -5.46799e+07 -2.36171e+09  -3.5249e+07  1.11831e+11 -1.87622e+08
    -1358.99      22548.4     -800.306     -21346.5      2631.27      3033.78      -347239  4.88998e+07      -240878 -3.09944e+07       484432  1.77409e+06     -6108.04     -89134.4 -2.21792e+06      1063.25      -268225  1.38088e+06 -7.49066e+06   5.0681e+06  9.89906e+06 -2.90258e+06       226822      99358.9      5405.92 -4.24776e+06  1.00103e+06
     -424542  3.26953e+06       575459 -6.02443e+06      28174.3  3.54607e+06 -1.18304e+08  5.13693e+09  1.46792e+08 -1.29779e+10  1.77409e+06  1.98741e+09  6.54981e+06  1.83502e+07 -8.91914e+08       203993  1.38749e+08  6.62172e+08 -4.50748e+08  3.79341e+07  2.80465e+09  -1.4089e+08  3.55809e+06  6.62593e+08  4.83068e+06  2.28709e+09  1.33512e+07
    -60886.4       158838      41000.7     -33345.9     -34.2304      13192.9 -1.69939e+07  1.38776e+08  1.11722e+07 -1.09769e+08     -6108.04  6.54981e+06       485029 -2.96823e+06 -9.98059e+07     -10001.6 -1.11548e+07  3.40002e+07  2.24301e+08     -55952.2  3.85941e+07  5.89462e+07      7317.31   1.0164e+07      17850.1  8.92026e+06     -6813.91
      634445 -2.35435e+06      -189974  2.15231e+06     -1442.82        38085  1.88777e+08 -2.78001e+09 -4.41237e+07  5.99258e+09     -89134.4  1.83502e+07 -2.96823e+06  4.43189e+07  1.14387e+09       121252  1.46902e+08  -3.5236e+08 -2.01627e+09 -2.58133e+06 -5.25727e+08 -1.29693e+07      -191119 -3.64642e+07      49798.1  5.35745e+08      -493272
 2.37001e+07 -6.15757e+07 -8.47993e+06  6.38776e+07     -40131.3 -1.80137e+06  8.28697e+09 -7.08052e+10  -1.9233e+09  1.82839e+11 -2.21792e+06 -8.91914e+08 -9.98059e+07  1.14387e+09  4.48002e+10  3.50197e+06  4.62412e+09 -9.35417e+09  -5.4138e+10 -6.50963e+07 -1.37745e+10 -6.10462e+09 -5.77956e+06  -1.9042e+09 -2.48334e+06  1.12542e+10 -1.40733e+07
     2313.38     -6640.18     -896.721      3221.12       6.3692      391.049       742242 -7.59012e+06      -211886  7.83106e+06      1063.25       203993     -10001.6       121252  3.50197e+06      572.368       569325 -1.02077e+06 -6.05938e+06      8659.33 -1.43024e+06      -914751       383.25      -150012      531.902  1.23646e+06      2897.79
 2.72772e+06  -7.4796e+06      -967377  5.62411e+06     -4090.07       288627  9.17868e+08 -8.62322e+09 -2.26613e+08   1.4898e+10      -268225  1.38749e+08 -1.11548e+07  1.46902e+08  4.62412e+09       569325  6.50691e+08 -1.13624e+09 -6.59782e+09 -7.86836e+06 -1.66214e+09  -8.0358e+08      -622278 -1.75709e+08       385047   1.7144e+09 -1.38033e+06
-5.73261e+06  4.40197e+07  2.36909e+06 -1.77065e+07      20704.1  1.30416e+06 -1.50371e+09  7.09839e+10  5.67833e+08  -4.3517e+10  1.38088e+06  6.62172e+08  3.40002e+07  -3.5236e+08 -9.35417e+09 -1.02077e+06 -1.13624e+09    7.061e+09  4.02306e+10  4.48726e+07  1.05438e+10  1.18085e+09  2.79373e+06  6.73101e+08  1.78873e+06 -2.54906e+09   8.0227e+06
-3.32219e+07  2.32353e+08  1.64285e+07 -5.89064e+07     -62955.4      -339448 -8.75236e+09  3.57484e+11  4.19171e+09 -1.66211e+11 -7.49066e+06 -4.50748e+08  2.24301e+08 -2.01627e+09  -5.4138e+10 -6.05938e+06 -6.59782e+09  4.02306e+10  2.60629e+11 -5.32485e+07  4.66574e+10  1.69731e+10  -2.0955e+06  3.22509e+09      -510040  -1.1046e+10 -2.70745e+07
      -39850       548264     -11691.6      -484577      30981.9      64739.1 -1.02441e+07  1.13688e+09 -4.10531e+06 -7.90341e+08   5.0681e+06  3.79341e+07     -55952.2 -2.58133e+06 -6.50963e+07      8659.33 -7.86836e+06  4.48726e+07 -5.32485e+07  5.84831e+07  2.19077e+08 -6.29183e+07  2.67551e+06  4.22045e+06       106385 -8.85838e+07  1.17618e+07
-8.42462e+06  7.36317e+07  2.37276e+06 -4.40833e+07       119453  5.25235e+06 -2.19882e+09  1.26196e+11  4.66178e+08 -9.87333e+10  9.89906e+06  2.80465e+09  3.85941e+07 -5.25727e+08 -1.37745e+10 -1.43024e+06 -1.66214e+09  1.05438e+10  4.66574e+10  2.19077e+08  2.15092e+10  -2.3945e+09   1.2917e+07  1.27364e+09   7.2346e+06 -5.33164e+09  4.76619e+07
-4.61884e+06 -7.47109e+06  6.51487e+06  3.69521e+07     -41106.2      -135017  -1.5321e+09 -2.05442e+10  1.99514e+09  9.80668e+10 -2.90258e+06  -1.4089e+08  5.89462e+07 -1.29693e+07 -6.10462e+09      -914751  -8.0358e+08  1.18085e+09  1.69731e+10 -6.29183e+07  -2.3945e+09   1.5842e+10 -3.01197e+06  1.28421e+09      -221922  8.23277e+09 -1.48962e+07
    -3458.89      28701.5      289.317     -31185.1      1511.04      5863.46      -946617  5.15379e+07      678.234 -5.46799e+07       226822  3.55809e+06      7317.31      -191119 -5.77956e+06       383.25      -622278  2.79373e+06  -2.0955e+06  2.67551e+06   1.2917e+07 -3.01197e+06       137641       794830      8998.07 -4.19183e+06       602234
-1.17222e+06  2.68758e+06       964050 -1.02915e+06       3823.9  1.24283e+06  -3.5447e+08  2.46992e+09   2.6679e+08 -2.36171e+09      99358.9  6.62593e+08   1.0164e+07 -3.64642e+07  -1.9042e+09      -150012 -1.75709e+08  6.73101e+08  3.22509e+09  4.22045e+06  1.27364e+09  1.28421e+09       794830  4.03013e+08  1.68681e+06  1.15141e+09  2.13157e+06
    -1182.21      9276.53      1560.44     -16080.6      75.6344      9258.89      -312882   1.4616e+07       391121  -3.5249e+07      5405.92  4.83068e+06      17850.1      49798.1 -2.48334e+06      531.902       385047  1.78873e+06      -510040       106385   7.2346e+06      -221922      8998.07  1.68681e+06      12608.3  6.45543e+06        33708
 5.48678e+06 -3.01062e+07  1.95471e+06  4.28544e+07     -50197.9  4.81163e+06  1.68909e+09 -4.35001e+10  7.82125e+08  1.11831e+11 -4.24776e+06  2.28709e+09  8.92026e+06  5.35745e+08  1.12542e+10  1.23646e+06   1.7144e+09 -2.54906e+09  -1.1046e+10 -8.85838e+07 -5.33164e+09  8.23277e+09 -4.19183e+06  1.15141e+09  6.45543e+06  1.63888e+10 -1.74623e+07
    -8228.51      99077.4      -1971.3      -114367      6634.44      21480.8  -2.1637e+06  1.92438e+08      -773277 -1.87622e+08  1.00103e+06  1.33512e+07     -6813.91      -493272 -1.40733e+07      2897.79 -1.38033e+06   8.0227e+06 -2.70745e+07  1.17618e+07  4.76619e+07 -1.48962e+07       602234  2.13157e+06        33708 -1.74623e+07  2.64214e+06
Omega Weights:
     11131.2     -17742.1     -2815.56      17506.6     -14.0394      -1304.1  3.96917e+06 -1.70007e+07      -462580  5.79427e+07     -889.827      -685110     -27378.9       390212  2.14102e+07      1672.23  2.19718e+06 -2.10451e+06 -2.17284e+07     -22815.4 -4.37593e+06 -3.72867e+06     -1696.45      -710161      -1769.7  2.08567e+06     -5659.94
    -17742.1      97494.5      7014.67     -53408.1      119.069      4318.58 -4.07908e+06  1.32687e+08  1.16109e+06  -1.4738e+08      10449.5  2.26746e+06      76230.3      -691976 -3.20136e+07     -2870.84 -3.55759e+06  1.11307e+07   1.0467e+08       223732  2.54498e+07  7.23396e+06      11359.6  1.87961e+06      5875.43 -7.57061e+06      48595.6
    -2815.56      7014.67      1526.98     -2351.56      3.71824      1587.26      -696428  6.23455e+06       259355 -6.06665e+06      141.364       821980      15171.5     -62715.6 -5.11909e+06     -300.272      -389944       930937  1.00942e+07      4800.76  1.81523e+06  2.53681e+06      614.446       453057      2149.16  1.88571e+06      1778.15
     17506.6     -53408.1     -2351.56       262212      -151.37     -9804.66  5.34467e+06 -6.59471e+07      -173801  9.33298e+08     -9759.13 -5.30993e+06       -34429       653580  6.86798e+07     -1342.31  2.77831e+06 -4.86369e+06  -2.6086e+07      -212787 -1.60168e+07  1.33167e+07     -13017.3 -1.36482e+06     -13301.7  4.27035e+07     -59852.7
    -14.0394      119.069      3.71824      -151.37      5.78819       22.158     -3361.31       212735      438.106      -336130       773.51      13331.8      41.8652     -397.612     -29521.7      1.82443     -1923.12      9989.07      1609.37      11110.2      50125.4     -6145.28      480.834      2670.74      30.6789     -19989.5      2458.97
     -1304.1      4318.58      1587.26     -9804.66       22.158      6866.95      -342951  5.46997e+06       225403 -2.89367e+07      1247.88  3.59496e+06      16448.7       125257 -3.09887e+06      690.944       642566       594569  2.48585e+06      26211.3  2.17991e+06   1.8034e+06       2299.7       892176      9295.86  8.31914e+06      10450.2
 3.96917e+06 -4.07908e+06      -696428  5.34467e+06     -3361.31      -342951  1.71365e+09 -3.87409e+09 -1.12921e+08  1.86271e+10      -201788 -1.83664e+08 -6.54589e+06  1.39953e+08  7.85802e+09       578449  7.85788e+08 -4.83776e+08 -5.01424e+09 -5.18686e+06 -1.00593e+09 -9.01032e+08      -405322 -1.77322e+08      -465229  6.90266e+08 -1.34836e+06
-1.70007e+07  1.32687e+08  6.23455e+06 -6.59471e+07       212735  5.46997e+06 -3.87409e+09  2.29689e+11  1.00436e+09 -1.73048e+11  2.10624e+07  2.91144e+09  6.84711e+07 -6.75552e+08 -3.06465e+10 -2.72431e+06 -3.42203e+09  1.47691e+10   1.2689e+11  4.17243e+08  3.67836e+10  4.68373e+09  1.90302e+07   1.8235e+09   7.4495e+06 -9.94208e+09  8.74994e+07
     -462580  1.16109e+06       259355      -173801      438.106       225403 -1.12921e+08  1.00436e+09  4.69661e+07  -2.7594e+08      11879.8  1.24075e+08   2.5993e+06 -1.25749e+07 -8.34537e+08     -59937.4 -7.55233e+07  1.62578e+08  1.80047e+09       576156  3.07406e+08  4.58617e+08      91396.9  7.78224e+07       305211  2.95094e+08       229464
 5.79427e+07  -1.4738e+08 -6.06665e+06  9.33298e+08      -336130 -2.89367e+07  1.86271e+10 -1.73048e+11  -2.7594e+08  3.49625e+12 -1.80571e+07 -1.54168e+10 -1.00352e+08  2.23152e+09  2.49777e+11  -5.2288e+06  9.18567e+09 -1.32836e+10 -7.32417e+10 -4.19493e+08 -4.29479e+10  4.97983e+10  -2.8743e+07 -3.83505e+09 -3.92287e+07  1.54131e+11 -1.28095e+08
    -889.827      10449.5      141.364     -9759.13       773.51      1247.88      -201788  2.10624e+07      11879.8 -1.80571e+07       114598       769427      1650.75     -35789.6 -1.60748e+06      197.844      -178353       846099      -786285  1.54271e+06  4.57639e+06      -557791      65281.5       127573      1760.12 -1.97992e+06       334851
     -685110  2.26746e+06       821980 -5.30993e+06      13331.8  3.59496e+06 -1.83664e+08  2.91144e+09  1.24075e+08 -1.54168e+10       769427  2.02598e+09   8.5283e+06  5.96228e+07 -1.61939e+09       352949  3.05596e+08  3.20531e+08  1.14743e+09  1.61111e+07  1.22833e+09   8.7623e+08  1.42515e+06  4.98835e+08  4.86715e+06  4.09225e+09  6.54922e+06
    -27378.9      76230.3      15171.5       -34429      41.8652      16448.7 -6.54589e+06  6.84711e+07   2.5993e+06 -1.00352e+08      1650.75   8.5283e+06       156684      -644828 -5.06154e+07     -2742.03 -3.68273e+06  1.00683e+07  1.08702e+08      54527.5  1.97047e+07  2.41605e+07      6561.33  4.56247e+06      22272.3  1.72849e+07      19679.4
      390212      -691976     -62715.6       653580     -397.612       125257  1.39953e+08 -6.75552e+08 -1.25749e+07  2.23152e+09     -35789.6  5.96228e+07      -644828  2.14043e+07  7.39288e+08      91850.1  1.14238e+08 -8.16413e+07 -8.36894e+08      -913402 -1.69974e+08 -5.90509e+07     -49575.1 -7.81808e+06       169262  3.77637e+08      -145448
 2.14102e+07 -3.20136e+07 -5.11909e+06  6.86798e+07     -29521.7 -3.09887e+06  7.85802e+09 -3.06465e+10 -8.34537e+08  2.49777e+11 -1.60748e+06 -1.61939e+09 -5.06154e+07  7.39288e+08  4.99496e+10  2.31761e+06  4.08761e+09 -3.79376e+09 -3.90793e+10 -4.11968e+07 -7.90302e+09 -5.21618e+09 -3.28992e+06  -1.3348e+09 -4.20219e+06  1.01058e+10 -1.14513e+07
     1672.23     -2870.84     -300.272     -1342.31      1.82443      690.944       578449 -2.72431e+06     -59937.4  -5.2288e+06      197.844       352949     -2742.03      91850.1  2.31761e+06       530.16       511412      -342505 -3.60349e+06       1251.8      -690379      -546189      75.0219     -28139.3      934.319       838698      891.559
 2.19718e+06 -3.55759e+06      -389944  2.77831e+06     -1923.12       642566  7.85788e+08 -3.42203e+09 -7.55233e+07  9.18567e+09      -178353  3.05596e+08 -3.68273e+06  1.14238e+08  4.08761e+09       511412  6.28747e+08 -4.21804e+08 -4.35631e+09 -4.57689e+06 -8.72434e+08 -4.78351e+08      -256242  -5.5177e+07       868297  1.81451e+09      -706195
-2.10451e+06  1.11307e+07       930937 -4.86369e+06      9989.07       594569 -4.83776e+08  1.47691e+10  1.62578e+08 -1.32836e+10       846099  3.20531e+08  1.00683e+07 -8.16413e+07 -3.79376e+09      -342505 -4.21804e+08  1.36448e+09  1.34187e+10  1.90407e+07  2.96953e+09  1.17949e+09  1.05807e+06   2.5827e+08       807528 -4.58481e+08  4.24783e+06
-2.17284e+07   1.0467e+08  1.00942e+07  -2.6086e+07      1609.37  2.48585e+06 -5.01424e+09   1.2689e+11  1.80047e+09 -7.32417e+10      -786285  1.14743e+09  1.08702e+08 -8.36894e+08 -3.90793e+10 -3.60349e+06 -4.35631e+09  1.34187e+10  1.51566e+11  1.70696e+07  2.41918e+10  1.59431e+10  2.00229e+06  2.31373e+09  3.37161e+06 -2.61193e+09      18194.6
    -22815.4       223732      4800.76      -212787      11110.2      26211.3 -5.18686e+06  4.17243e+08       576156 -4.19493e+08  1.54271e+06  1.61111e+07      54527.5      -913402 -4.11968e+07       1251.8 -4.57689e+06  1.90407e+07  1.70696e+07  2.16942e+07  9.16399e+07 -9.70508e+06       925461  3.23019e+06        36688 -4.03073e+07  4.73723e+06
-4.37593e+06  2.54498e+07  1.81523e+06 -1.60168e+07      50125.4  2.17991e+06 -1.00593e+09  3.67836e+10  3.07406e+08 -4.29479e+10  4.57639e+06  1.22833e+09  1.97047e+07 -1.69974e+08 -7.90302e+09      -690379 -8.72434e+08  2.96953e+09  2.41918e+10  9.16399e+07  7.75196e+09  1.52938e+09  4.76527e+06  6.26837e+08  2.96245e+06  -1.4385e+09   2.1516e+07
-3.72867e+06  7.23396e+06  2.53681e+06  1.33167e+07     -6145.28   1.8034e+06 -9.01032e+08  4.68373e+09  4.58617e+08  4.97983e+10      -557791   8.7623e+08  2.41605e+07 -5.90509e+07 -5.21618e+09      -546189 -4.78351e+08  1.17949e+09  1.59431e+10 -9.70508e+06  1.52938e+09   5.8251e+09      -107916  6.62517e+08  2.43937e+06  6.10862e+09 -2.22751e+06
    -1696.45      11359.6      614.446     -13017.3      480.834       2299.7      -405322  1.90302e+07      91396.9  -2.8743e+07      65281.5  1.42515e+06      6561.33     -49575.1 -3.28992e+06      75.0219      -256242  1.05807e+06  2.00229e+06       925461  4.76527e+06      -107916      40714.1       346960      3170.81 -1.34328e+06       207810
     -710161  1.87961e+06       453057 -1.36482e+06      2670.74       892176 -1.77322e+08   1.8235e+09  7.78224e+07 -3.83505e+09       127573  4.98835e+08  4.56247e+06 -7.81808e+06  -1.3348e+09     -28139.3  -5.5177e+07   2.5827e+08  2.31373e+09  3.23019e+06  6.26837e+08  6.62517e+08       346960  1.84027e+08  1.20795e+06   1.0112e+09  1.32404e+06
     -1769.7      5875.43      2149.16     -13301.7      30.6789      9295.86      -465229   7.4495e+06       305211 -3.92287e+07      1760.12  4.86715e+06      22272.3       169262 -4.20219e+06      934.319       868297       807528  3.37161e+06        36688  2.96245e+06  2.43937e+06      3170.81  1.20795e+06      12584.1  1.12496e+07      14438.9
 2.08567e+06 -7.57061e+06  1.88571e+06  4.27035e+07     -19989.5  8.31914e+06  6.90266e+08 -9.94208e+09  2.95094e+08  1.54131e+11 -1.97992e+06  4.09225e+09  1.72849e+07  3.77637e+08  1.01058e+10       838698  1.81451e+09 -4.58481e+08 -2.61193e+09 -4.03073e+07  -1.4385e+09  6.10862e+09 -1.34328e+06   1.0112e+09  1.12496e+07  2.43071e+10  -6.9658e+06
    -5659.94      48595.6      1778.15     -59852.7      2458.97      10450.2 -1.34836e+06  8.74994e+07       229464 -1.28095e+08       334851  6.54922e+06      19679.4      -145448 -1.14513e+07      891.559      -706195  4.24783e+06      18194.6  4.73723e+06   2.1516e+07 -2.22751e+06       207810  1.32404e+06      14438.9  -6.9658e+06  1.06253e+06
Omega Weights:
     8308.57     -5831.19     -911.237      8554.04     -10.6013     -1166.63  3.39972e+06 -5.68849e+06      -126934  2.99968e+07     -795.308      -618180     -8782.56       297810  1.62517e+07      1202.51  1.61333e+06      -587283 -7.25613e+06     -16736.6 -1.64664e+06 -1.20974e+06     -1010.79      -285280     -1579.64       193322     -4475.52
    -5831.19      32707.8      1990.16       -18733      91.9696      2595.43 -1.29896e+06  4.69795e+07       288907 -5.07991e+07      9042.22  1.44682e+06      20944.1      -219040 -1.07215e+07     -899.575 -1.16722e+06  3.22848e+06  3.37392e+07       170763  9.93866e+06  2.00217e+06      7875.37       666381      3518.62 -1.56292e+06        38805
    -911.237      1990.16      540.957     -1200.55      3.43234      1446.64      -223685  1.85231e+06      71184.7 -2.91826e+06      183.267       752808      5460.47      4298.97 -1.79069e+06      35.6432       9326.5       220900  2.78807e+06      3924.74       605455       910090      374.748       212443      1957.63  2.06982e+06      1646.73
     8554.04       -18733     -1200.55       266385     -122.772      -7947.2  2.89015e+06 -2.52154e+07      -106608  1.03208e+09     -8435.79 -4.42584e+06     -15648.1       211632  5.94827e+07     -3309.59       936924 -1.58729e+06 -7.45666e+06      -164879  -6.4831e+06  1.10351e+07      -9600.8      -859137     -10760.1  4.46465e+07     -48768.6
