USING NONMIXED MOMENTS!!
nRuns:1
Using two part PSO Sample Size:1250 with:12 moments.
Using Times: 2 10 20 30 40
Bounds for Uniform Distribution (0,1)
Blind PSO --> nParts:1 Nsteps:1
Targeted PSO --> nParts:1 Nsteps:2
sdbeta:0.1
Reading in data!
Using starting row of data:0 and 1250 data pts!
first row X0:260.559 2143.24 4.86708 4.95832 65.2493 4.94309
final row X0:249.987 2396.05 5.91041 5.47538  172.01 5.00391



Loading in Truk!
Calculating Yt!
truk cost:5.62102e+09
XtmVec:    1.82998     1533.91     208.843     166.962     18.2925     193.076      9.5826 2.64216e+06     50146.8     49826.6      2181.6     41565.9
XtmVec:    73.6932     514.475      136.98     1240.75    0.779948     210.589     18540.1      588578       22726 1.80532e+06     69.3743       51273
XtmVec:    151.054     125.176     59.6191      1707.1    0.472086     210.897     33692.6      123252     5190.63 3.18748e+06     29.1308     51481.7
XtmVec:    166.524     45.3917     44.1493      1802.3    0.424099     210.945     35694.3     44548.1      2492.5 3.52224e+06     24.0232     51517.1
XtmVec:    169.288      24.789     41.3853     1825.66    0.413326     210.955       35951     22985.8     2055.37 3.60652e+06     23.1249       51525
seedk: 0.1  0.1 0.95 0.17 0.05 0.18| cost:5.62102e+09
PSO begins!
current: 0.1  0.1 0.95 0.17 0.05 0.18 5.62102e+09
GBMAT from blind PSO:

        0.1         0.1        0.95        0.17        0.05        0.18 5.62102e+09
        0.1         0.1        0.95        0.17        0.05        0.18 5.62102e+09

truk:  0.1  0.1 0.95 0.17 0.05 0.18
total difference b/w truk and final GBVEC0

blind PSO FINISHED RUNNING IN 14 s TIME!
targeted PSO has started!
Updating Weight Matrix!
GBVEC AND COST:        0.1         0.1        0.95        0.17        0.05        0.18 5.62102e+09
Weights Before Inversion:    16.7376     333.754           0           0           0           0           0           0           0           0           0           0
    333.754      601282      601631           0           0           0           0           0           0           0           0           0
          0      601631       13820     13824.6           0           0           0           0           0           0           0           0
          0           0     13824.6     44895.8     44908.8           0           0           0           0           0           0           0
          0           0           0     44908.8      3651.9     3652.41           0           0           0           0           0           0
          0           0           0           0     3652.41     8179.49     8212.13           0           0           0           0           0
          0           0           0           0           0     8212.13     41942.2  2.2981e+09           0           0           0           0
          0           0           0           0           0           0  2.2981e+09 7.27622e+12 7.27859e+12           0           0           0
          0           0           0           0           0           0           0 7.27859e+12 3.92131e+09 3.92206e+09           0           0
          0           0           0           0           0           0           0           0 3.92206e+09 1.59859e+10 1.59885e+10           0
          0           0           0           0           0           0           0           0           0 1.59885e+10 2.12068e+08 2.12551e+08
          0           0           0           0           0           0           0           0           0           0 2.12551e+08 1.66207e+09
Weights:
   0.0604816 -3.69054e-05  3.33191e-06 -3.22519e-06  3.21425e-06 -1.70028e-06  1.39293e-06 -2.52118e-11  2.52036e-11 -2.51265e-11  2.51182e-11 -4.03256e-13
-3.69054e-05  1.85079e-06 -1.67094e-07  1.61742e-07 -1.61193e-07  8.52681e-08  -6.9855e-08  1.26436e-12 -1.26395e-12  1.26008e-12 -1.25966e-12  2.02231e-14
 3.33191e-06 -1.67094e-07  1.65149e-07 -1.59859e-07  1.59317e-07 -8.42754e-08  6.90417e-08 -1.24964e-12  1.24924e-12 -1.24541e-12    1.245e-12 -1.99877e-14
-3.22519e-06  1.61742e-07 -1.59859e-07  1.59805e-07 -1.59263e-07  8.42471e-08 -6.90185e-08  1.24922e-12 -1.24882e-12    1.245e-12 -1.24458e-12   1.9981e-14
 3.21425e-06 -1.61193e-07  1.59317e-07 -1.59263e-07  1.59217e-07 -8.42228e-08  6.89986e-08 -1.24886e-12  1.24845e-12 -1.24464e-12  1.24422e-12 -1.99752e-14
-1.70028e-06  8.52681e-08 -8.42754e-08  8.42471e-08 -8.42228e-08  8.42111e-08 -6.89891e-08  1.24869e-12 -1.24828e-12  1.24446e-12 -1.24405e-12  1.99724e-14
 1.39293e-06  -6.9855e-08  6.90417e-08 -6.90185e-08  6.89986e-08 -6.89891e-08  6.87149e-08 -1.24372e-12  1.24332e-12 -1.23952e-12  1.23911e-12 -1.98931e-14
-2.52118e-11  1.26436e-12 -1.24964e-12  1.24922e-12 -1.24886e-12  1.24869e-12 -1.24372e-12   2.2699e-17 -2.26916e-17  2.26222e-17 -2.26146e-17  3.63064e-19
 2.52036e-11 -1.26395e-12  1.24924e-12 -1.24882e-12  1.24845e-12 -1.24828e-12  1.24332e-12 -2.26916e-17  2.26842e-17 -2.26148e-17  2.26073e-17 -3.62946e-19
-2.51265e-11  1.26008e-12 -1.24541e-12    1.245e-12 -1.24464e-12  1.24446e-12 -1.23952e-12  2.26222e-17 -2.26148e-17  2.26105e-17  -2.2603e-17  3.62876e-19
 2.51182e-11 -1.25966e-12    1.245e-12 -1.24458e-12  1.24422e-12 -1.24405e-12  1.23911e-12 -2.26146e-17  2.26073e-17  -2.2603e-17  2.25993e-17 -3.62818e-19
-4.03256e-13  2.02231e-14 -1.99877e-14   1.9981e-14 -1.99752e-14  1.99724e-14 -1.98931e-14  3.63064e-19 -3.62946e-19  3.62876e-19 -3.62818e-19  3.61994e-19
Weights Before Inversion:    27285.9     27396.4           0           0           0           0           0           0           0           0           0           0
    27396.4      670069      670069           0           0           0           0           0           0           0           0           0
          0      670069     7857.05     7857.23           0           0           0           0           0           0           0           0
          0           0     7857.23      544717      544730           0           0           0           0           0           0           0
          0           0           0      544730     82.8863      84.263           0           0           0           0           0           0
          0           0           0           0      84.263     13093.6 2.15567e+06           0           0           0           0           0
          0           0           0           0           0 2.15567e+06 3.39068e+09 3.49243e+09           0           0           0           0
          0           0           0           0           0           0 3.49243e+09 2.14051e+12 2.14056e+12           0           0           0
          0           0           0           0           0           0           0 2.14056e+12 6.31855e+08 6.71435e+08           0           0
          0           0           0           0           0           0           0           0 6.71435e+08 4.00106e+12 4.00112e+12           0
          0           0           0           0           0           0           0           0           0 4.00112e+12 2.15065e+06 3.10919e+06
          0           0           0           0           0           0           0           0           0           0 3.10919e+06 3.58028e+09
Weights:
 0.000197837 -0.000160538  0.000152449 -0.000152429  0.000152425 -1.36827e-08  4.53959e-11 -4.40732e-11  4.40721e-11 -4.14737e-11  4.14731e-11 -2.16346e-17
-0.000160538  0.000159891 -0.000151834  0.000151814  -0.00015181  1.36276e-08 -4.52128e-11  4.38955e-11 -4.38944e-11  4.13065e-11 -4.13059e-11  2.15473e-17
 0.000152449 -0.000151834  0.000145601 -0.000145582  0.000145578 -1.30681e-08  4.33567e-11 -4.20935e-11  4.20924e-11 -3.96107e-11  3.96102e-11 -2.06627e-17
-0.000152429  0.000151814 -0.000145582  0.000145578 -0.000145574  1.30678e-08 -4.33557e-11  4.20925e-11 -4.20914e-11  3.96098e-11 -3.96092e-11  2.06623e-17
 0.000152425  -0.00015181  0.000145578 -0.000145574  0.000145571 -1.30675e-08  4.33546e-11 -4.20914e-11  4.20904e-11 -3.96088e-11  3.96082e-11 -2.06617e-17
-1.36827e-08  1.36276e-08 -1.30681e-08  1.30678e-08 -1.30675e-08   1.2854e-08 -4.26463e-11  4.14037e-11 -4.14027e-11  3.89617e-11 -3.89611e-11  2.03242e-17
 4.53959e-11 -4.52128e-11  4.33567e-11 -4.33557e-11  4.33546e-11 -4.26463e-11  2.59034e-13 -2.51487e-13  2.51481e-13 -2.36654e-13   2.3665e-13 -1.23449e-19
-4.40732e-11  4.38955e-11 -4.20935e-11  4.20925e-11 -4.20914e-11  4.14037e-11 -2.51487e-13  2.44159e-13 -2.44153e-13  2.29759e-13 -2.29755e-13  1.19852e-19
 4.40721e-11 -4.38944e-11  4.20924e-11 -4.20914e-11  4.20904e-11 -4.14027e-11  2.51481e-13 -2.44153e-13  2.44147e-13 -2.29753e-13   2.2975e-13 -1.19849e-19
-4.14737e-11  4.13065e-11 -3.96107e-11  3.96098e-11 -3.96088e-11  3.89617e-11 -2.36654e-13  2.29759e-13 -2.29753e-13  2.16209e-13 -2.16206e-13  1.12785e-19
 4.14731e-11 -4.13059e-11  3.96102e-11 -3.96092e-11  3.96082e-11 -3.89611e-11   2.3665e-13 -2.29755e-13   2.2975e-13 -2.16206e-13  2.16203e-13 -1.12783e-19
-2.16346e-17  2.15473e-17 -2.06627e-17  2.06623e-17 -2.06617e-17  2.03242e-17 -1.23449e-19  1.19852e-19 -1.19849e-19  1.12785e-19 -1.12783e-19  7.80128e-20
Weights Before Inversion:    22687.3     22689.5           0           0           0           0           0           0           0           0           0           0
    22689.5      208291      208291           0           0           0           0           0           0           0           0           0
          0      208291     3379.07     3541.17           0           0           0           0           0           0           0           0
          0           0     3541.17      565617      565779           0           0           0           0           0           0           0
          0           0           0      565779     30.2386     31.6287           0           0           0           0           0           0
          0           0           0           0     31.6287     13275.9      646796           0           0           0           0           0
          0           0           0           0           0      646796 3.34461e+09 3.46814e+09           0           0           0           0
          0           0           0           0           0           0 3.46814e+09 4.03342e+11 4.03447e+11           0           0           0
          0           0           0           0           0           0           0 4.03447e+11  1.0743e+08 1.47588e+09           0           0
          0           0           0           0           0           0           0           0 1.47588e+09 7.48438e+12 7.48575e+12           0
          0           0           0           0           0           0           0           0           0 7.48575e+12      378398 1.35781e+06
          0           0           0           0           0           0           0           0           0           0 1.35781e+06 3.68474e+09
Weights:
  0.00156858  -0.00152435   0.00135349  -0.00129144   0.00129107 -4.15056e-06  8.50496e-08 -8.20205e-08   8.1999e-08 -5.96874e-09  5.96765e-09 -2.25829e-16
 -0.00152435   0.00152421  -0.00135336   0.00129131  -0.00129094  4.15016e-06 -8.50415e-08  8.20126e-08 -8.19911e-08  5.96817e-09 -5.96708e-09  2.25807e-16
  0.00135349  -0.00135336   0.00120592  -0.00115063    0.0011503 -3.69804e-06  7.57769e-08  -7.3078e-08  7.30589e-08 -5.31799e-09  5.31701e-09 -2.01207e-16
 -0.00129144   0.00129131  -0.00115063   0.00109796  -0.00109765  3.52875e-06 -7.23081e-08  6.97327e-08 -6.97145e-08  5.07454e-09 -5.07362e-09  1.91997e-16
  0.00129107  -0.00129094    0.0011503  -0.00109765   0.00109733 -3.52774e-06  7.22874e-08 -6.97128e-08  6.96945e-08 -5.07309e-09  5.07216e-09 -1.91942e-16
-4.15056e-06  4.15016e-06 -3.69804e-06  3.52875e-06 -3.52774e-06   3.3727e-06 -6.91105e-08   6.6649e-08 -6.66315e-08  4.85014e-09 -4.84925e-09  1.83506e-16
 8.50496e-08 -8.50415e-08  7.57769e-08 -7.23081e-08  7.22874e-08 -6.91105e-08  1.41854e-09 -1.36801e-09  1.36766e-09 -9.95522e-11   9.9534e-11 -3.76658e-18
-8.20205e-08  8.20126e-08  -7.3078e-08  6.97327e-08 -6.97128e-08   6.6649e-08 -1.36801e-09  1.31929e-09 -1.31894e-09  9.60065e-11  -9.5989e-11  3.63243e-18
  8.1999e-08 -8.19911e-08  7.30589e-08 -6.97145e-08  6.96945e-08 -6.66315e-08  1.36766e-09 -1.31894e-09   1.3186e-09 -9.59814e-11  9.59638e-11 -3.63148e-18
-5.96874e-09  5.96817e-09 -5.31799e-09  5.07454e-09 -5.07309e-09  4.85014e-09 -9.95522e-11  9.60065e-11 -9.59814e-11  6.98653e-12 -6.98525e-12  2.64337e-19
 5.96765e-09 -5.96708e-09  5.31701e-09 -5.07362e-09  5.07216e-09 -4.84925e-09   9.9534e-11  -9.5989e-11  9.59638e-11 -6.98525e-12  6.98397e-12 -2.64289e-19
-2.25829e-16  2.25807e-16 -2.01207e-16  1.91997e-16 -1.91942e-16  1.83506e-16 -3.76658e-18  3.63243e-18 -3.63148e-18  2.64337e-19 -2.64289e-19  7.36525e-20
Weights Before Inversion:    16802.1     16813.5           0           0           0           0           0           0           0           0           0           0
    16813.5     76140.9     76146.9           0           0           0           0           0           0           0           0           0
          0     76146.9     1087.54     1211.25           0           0           0           0           0           0           0           0
          0           0     1211.25      574106      574223           0           0           0           0           0           0           0
          0           0           0      574223     24.4201     25.8473           0           0           0           0           0           0
          0           0           0           0     25.8473     13306.6      595184           0           0           0           0           0
          0           0           0           0           0      595184 3.13461e+09 3.26005e+09           0           0           0           0
          0           0           0           0           0           0 3.26005e+09 1.26467e+11 1.26576e+11           0           0           0
          0           0           0           0           0           0           0 1.26576e+11 2.10558e+07 7.80188e+08           0           0
          0           0           0           0           0           0           0           0 7.80188e+08 9.03032e+12 9.03108e+12           0
          0           0           0           0           0           0           0           0           0 9.03108e+12      261582 1.25815e+06
          0           0           0           0           0           0           0           0           0           0 1.25815e+06 3.70359e+09
Weights:
   0.0036117  -0.00354978   0.00275202  -0.00246996   0.00246946 -6.59016e-05  1.47318e-06 -1.41649e-06  1.41526e-06 -3.81953e-08  3.81921e-08 -9.16364e-16
 -0.00354978   0.00354737  -0.00275016   0.00246829  -0.00246779  6.58569e-05 -1.47218e-06  1.41553e-06  -1.4143e-06  3.81694e-08 -3.81662e-08  9.15742e-16
  0.00275202  -0.00275016   0.00214228  -0.00192272   0.00192233 -5.13005e-05  1.14678e-06 -1.10265e-06   1.1017e-06 -2.97327e-08  2.97302e-08 -7.13334e-16
 -0.00246996   0.00246829  -0.00192272   0.00172634  -0.00172599  4.60608e-05 -1.02965e-06  9.90029e-07 -9.89175e-07  2.66959e-08 -2.66937e-08  6.40476e-16
  0.00246946  -0.00246779   0.00192233  -0.00172599   0.00172563 -4.60514e-05  1.02944e-06 -9.89827e-07  9.88973e-07 -2.66905e-08  2.66882e-08 -6.40346e-16
-6.59016e-05  6.58569e-05 -5.13005e-05  4.60608e-05 -4.60514e-05  4.35085e-05 -9.72596e-07  9.35171e-07 -9.34364e-07  2.52167e-08 -2.52146e-08  6.04987e-16
 1.47318e-06 -1.47218e-06  1.14678e-06 -1.02965e-06  1.02944e-06 -9.72596e-07  2.17444e-08 -2.09077e-08  2.08896e-08  -5.6377e-10  5.63723e-10 -1.35257e-17
-1.41649e-06  1.41553e-06 -1.10265e-06  9.90029e-07 -9.89827e-07  9.35171e-07 -2.09077e-08  2.01031e-08 -2.00858e-08  5.42077e-10 -5.42031e-10  1.30053e-17
 1.41526e-06  -1.4143e-06   1.1017e-06 -9.89175e-07  9.88973e-07 -9.34364e-07  2.08896e-08 -2.00858e-08  2.00685e-08 -5.41609e-10  5.41563e-10  -1.2994e-17
-3.81953e-08  3.81694e-08 -2.97327e-08  2.66959e-08 -2.66905e-08  2.52167e-08  -5.6377e-10  5.42077e-10 -5.41609e-10   1.4617e-11 -1.46157e-11  3.50684e-19
 3.81921e-08 -3.81662e-08  2.97302e-08 -2.66937e-08  2.66882e-08 -2.52146e-08  5.63723e-10 -5.42031e-10  5.41563e-10 -1.46157e-11  1.46145e-11 -3.50655e-19
-9.16364e-16  9.15742e-16 -7.13334e-16  6.40476e-16 -6.40346e-16  6.04987e-16 -1.35257e-17  1.30053e-17  -1.2994e-17  3.50684e-19 -3.50655e-19  7.29045e-20
Weights Before Inversion:    15429.3     15451.4           0           0           0           0           0           0           0           0           0           0
    15451.4     37588.8     37598.1           0           0           0           0           0           0           0           0           0
          0     37598.1     653.606     743.007           0           0           0           0           0           0           0           0
          0           0     743.007      566521      566611           0           0           0           0           0           0           0
          0           0           0      566611     23.3635     24.7864           0           0           0           0           0           0
          0           0           0           0     24.7864     13314.6      661893           0           0           0           0           0
          0           0           0           0           0      661893 3.10455e+09 3.17846e+09           0           0           0           0
          0           0           0           0           0           0 3.17846e+09 6.32108e+10  6.3271e+10           0           0           0
          0           0           0           0           0           0           0  6.3271e+10 8.56126e+06   7.825e+08           0           0
          0           0           0           0           0           0           0           0   7.825e+08 9.29186e+12 9.29263e+12           0
          0           0           0           0           0           0           0           0           0 9.29263e+12      244026 1.23899e+06
          0           0           0           0           0           0           0           0           0           0 1.23899e+06  3.7085e+09
Weights:
  0.00851708  -0.00844021   0.00493792  -0.00434027   0.00433958 -0.000747817  1.50429e-05 -1.46931e-05  1.46791e-05 -1.60602e-07  1.60589e-07  -3.5304e-15
 -0.00844021   0.00842817  -0.00493088   0.00433408  -0.00433339  0.000746751 -1.50214e-05  1.46721e-05 -1.46581e-05  1.60373e-07  -1.6036e-07  3.52537e-15
  0.00493792  -0.00493088   0.00290036  -0.00254932   0.00254891 -0.000439241  8.83563e-06 -8.63018e-06  8.62197e-06 -9.43321e-08  9.43243e-08 -2.07363e-15
 -0.00434027   0.00433408  -0.00254932   0.00224257  -0.00224222   0.00038639  -7.7725e-06  7.59176e-06 -7.58454e-06  8.29817e-08 -8.29748e-08  1.82413e-15
  0.00433958  -0.00433339   0.00254891  -0.00224222   0.00224186 -0.000386328  7.77126e-06 -7.59055e-06  7.58333e-06 -8.29685e-08  8.29616e-08 -1.82383e-15
-0.000747817  0.000746751 -0.000439241   0.00038639 -0.000386328  0.000364149 -7.32511e-06  7.15478e-06 -7.14798e-06  7.82053e-08 -7.81988e-08  1.71913e-15
 1.50429e-05 -1.50214e-05  8.83563e-06  -7.7725e-06  7.77126e-06 -7.32511e-06  1.47352e-07 -1.43925e-07  1.43789e-07 -1.57318e-09  1.57305e-09  -3.4582e-17
-1.46931e-05  1.46721e-05 -8.63018e-06  7.59176e-06 -7.59055e-06  7.15478e-06 -1.43925e-07  1.40579e-07 -1.40445e-07   1.5366e-09 -1.53647e-09  3.37778e-17
 1.46791e-05 -1.46581e-05  8.62197e-06 -7.58454e-06  7.58333e-06 -7.14798e-06  1.43789e-07 -1.40445e-07  1.40311e-07 -1.53513e-09  1.53501e-09 -3.37457e-17
-1.60602e-07  1.60373e-07 -9.43321e-08  8.29817e-08 -8.29685e-08  7.82053e-08 -1.57318e-09   1.5366e-09 -1.53513e-09  1.67958e-11 -1.67944e-11  3.69209e-19
 1.60589e-07  -1.6036e-07  9.43243e-08 -8.29748e-08  8.29616e-08 -7.81988e-08  1.57305e-09 -1.53647e-09  1.53501e-09 -1.67944e-11   1.6793e-11 -3.69178e-19
 -3.5304e-15  3.52537e-15 -2.07363e-15  1.82413e-15 -1.82383e-15  1.71913e-15  -3.4582e-17  3.37778e-17 -3.37457e-17  3.69209e-19 -3.69178e-19  7.27114e-20
New PBMAT:
0.00962965   0.196252   0.961233   0.138849  0.0591401   0.147184    25.7349

GBMAT after targeted PSO:
        0.1         0.1        0.95        0.17        0.05        0.18 5.62102e+09
        0.1         0.1        0.95        0.17        0.05        0.18 5.62102e+09
        0.1         0.1        0.95        0.17        0.05        0.18     18.7405
        0.1         0.1        0.95        0.17        0.05        0.18     18.7405
  0.0363549    0.167787    0.957911    0.148062   0.0564371    0.156888     3.08623
truk:  0.1  0.1 0.95 0.17 0.05 0.18 with trukCost with new weights:18.7405
CODE FINISHED RUNNING IN 23 s TIME!
Job Statistics for 2350812:
           JobID       User               Start                 End    Elapsed     MaxRSS   TotalCPU      State Exit        NodeList                                  ReqTRES 
---------------- ---------- ------------------- ------------------- ---------- ---------- ---------- ---------- ---- --------------- ---------------------------------------- 
         2350812   rsjxw007 2021-11-15T14:31:16 2021-11-15T14:31:40   00:00:24             00:25.123  COMPLETED  0:0   r1pl-hpcf-n21     billing=30,cpu=30,mem=234360M,node=1 
   2350812.batch            2021-11-15T14:31:16 2021-11-15T14:31:40   00:00:24          0  00:25.122  COMPLETED  0:0   r1pl-hpcf-n21                                          
  2350812.extern            2021-11-15T14:31:16 2021-11-15T14:31:40   00:00:24          0  00:00.001  COMPLETED  0:0   r1pl-hpcf-n21                                          
CPU Efficiency: 3.47% of 00:12:00 core-walltime
