nRuns:30
Using two part PSO Sample Size:1250 with:27 moments.
Using Times: 2 10 20 30 40
Bounds for Uniform Distribution (0,1)
Blind PSO --> nParts:1 Nsteps:1
Targeted PSO --> nParts:1 Nsteps:2
sdbeta:0.1
Reading in data!
Using starting row of data:3750 and 1250 data pts!
first row X0:151.807 2645.62 5.53911 5.58461 205.104 4.95802
final row X0:123.826 1849.08 5.06107  6.0168   161.9  5.1619



Loading in Truk!
Calculating Yt!
truk cost:5.67746e+10
XtmVec:     2.0869     1513.22     209.043     166.441     16.2045     194.071     55.2074 2.56807e+06     49867.9       48890      1665.3     42229.9     2185.78     579.133     655.675     17.7004     423.948      303656      227792     27137.6      293788     44497.9     2483.15     42016.6     377.458     29619.6     3746.03
XtmVec:    73.8105      489.85      137.32     1245.75    0.419378     209.857     17934.1      535722     22695.3 1.81113e+06     5.39291     51136.7     1298.15     5226.03      119761     13.8949     14773.9       75618      446109     383.016      108988      174409     51.7681     30101.8      284.29      250330     122.592
XtmVec:    152.355     107.828     58.7747      1706.1    0.211655     210.064     33618.7     94183.8     5038.46 3.17039e+06    0.285915     51272.9     586.334     6212.12      276068     25.4868     30854.8     12596.6      134674     63.4668     26070.6     98480.6     14.9957     14046.1     284.236      349589     57.0359
XtmVec:   167.412    34.2252    43.7184    1794.74   0.186452    210.089    35575.7    25728.1    2408.94 3.4851e+06    0.10542    51289.9    453.388    6548.38     309279    27.7104      34261     3233.4    43602.3    23.8758     9166.5    77056.3    10.1078    10642.6    284.246     369932    48.6117
XtmVec:    170.086     16.0728     41.0437     1815.56    0.179537     210.096     35831.9     9662.77     2014.25 3.55874e+06   0.0699784     51294.9     429.861     6617.62      315368     28.0997     34868.3     1331.72     20740.4     13.0834     4681.36     73217.1     9.06294     10035.9     284.251      375034     46.1576
seedk: 0.1  0.1 0.95 0.17 0.05 0.18| cost:5.67746e+10
PSO begins!
current: 0.1  0.1 0.95 0.17 0.05 0.18 5.67746e+10
GBMAT from blind PSO:

        0.1         0.1        0.95        0.17        0.05        0.18 5.67746e+10
        0.1         0.1        0.95        0.17        0.05        0.18 5.67746e+10

truk:  0.1  0.1 0.95 0.17 0.05 0.18
total difference b/w truk and final GBVEC0

blind PSO FINISHED RUNNING IN 13 s TIME!
targeted PSO has started!
Updating Weight Matrix!
GBVEC AND COST:        0.1         0.1        0.95        0.17        0.05        0.18 5.67746e+10
Weights:
     2.94081    -0.943407     0.941975    -0.941186      0.93787    -0.932108     0.755656  -0.00131128   0.00131092  -0.00130973   0.00130694  -0.00128302   0.00128197  -0.00127738   0.00127618  -0.00127408  0.000444428  -1.5869e-05  1.58551e-05 -1.57907e-05  1.57575e-05 -1.57551e-05  1.57139e-05 -1.47616e-05  1.47133e-05 -2.33772e-10   2.2786e-10
   -0.943407     0.304471    -0.304009     0.303754    -0.302684     0.300824    -0.243877  0.000423196  -0.00042308  0.000422696 -0.000421797  0.000414075 -0.000413736  0.000412256 -0.000411869  0.000411192 -0.000143433  5.12149e-06   -5.117e-06  5.09622e-06 -5.08552e-06  5.08474e-06 -5.07142e-06  4.76408e-06 -4.74849e-06  7.54466e-11 -7.35385e-11
    0.941975    -0.304009     0.303549    -0.303295     0.302226    -0.300369     0.243508 -0.000422556   0.00042244 -0.000422057  0.000421159 -0.000413449  0.000413111 -0.000411633  0.000411246  -0.00041057  0.000143216 -5.11374e-06  5.10926e-06 -5.08851e-06  5.07783e-06 -5.07705e-06  5.06375e-06 -4.75688e-06  4.74131e-06 -7.53325e-11  7.34273e-11
   -0.941186     0.303754    -0.303295     0.303041    -0.301973     0.300118    -0.243304  0.000422202 -0.000422086  0.000421704 -0.000420806  0.000413103 -0.000412765  0.000411288 -0.000410902  0.000410226 -0.000143096  5.10946e-06 -5.10498e-06  5.08425e-06 -5.07357e-06  5.07279e-06 -5.05951e-06  4.75289e-06 -4.73734e-06  7.52693e-11 -7.33658e-11
     0.93787    -0.302684     0.302226    -0.301973     0.300909     -0.29906     0.242447 -0.000420714  0.000420599 -0.000420218  0.000419324 -0.000411647  0.000411311 -0.000409839  0.000409454 -0.000408781  0.000142592 -5.09146e-06    5.087e-06 -5.06634e-06   5.0557e-06 -5.05492e-06  5.04169e-06 -4.73615e-06  4.72065e-06 -7.50042e-11  7.31073e-11
   -0.932108     0.300824    -0.300369     0.300118     -0.29906     0.297223    -0.240957   0.00041813 -0.000418015  0.000417636 -0.000416748  0.000409118 -0.000408784  0.000407321 -0.000406939   0.00040627 -0.000141716  5.06018e-06 -5.05575e-06  5.03521e-06 -5.02464e-06  5.02387e-06 -5.01071e-06  4.70705e-06 -4.69165e-06  7.45434e-11 -7.26582e-11
    0.755656    -0.243877     0.243508    -0.243304     0.242447    -0.240957     0.195343 -0.000338976  0.000338883 -0.000338576  0.000337856  -0.00033167  0.000331399 -0.000330213  0.000329903 -0.000329361  0.000114888 -4.10226e-06  4.09867e-06 -4.08202e-06  4.07345e-06 -4.07283e-06  4.06216e-06 -3.81599e-06   3.8035e-06  -6.0432e-11  5.89037e-11
 -0.00131128  0.000423196 -0.000422556  0.000422202 -0.000420714   0.00041813 -0.000338976  5.88219e-07 -5.88059e-07  5.87525e-07 -5.86275e-07  5.75542e-07 -5.75071e-07  5.73014e-07 -5.72476e-07  5.71535e-07 -1.99364e-07  7.11859e-09 -7.11236e-09  7.08347e-09  -7.0686e-09  7.06751e-09 -7.04901e-09  6.62182e-09 -6.60015e-09  1.04867e-13 -1.02215e-13
  0.00131092  -0.00042308   0.00042244 -0.000422086  0.000420599 -0.000418015  0.000338883 -5.88059e-07  5.87898e-07 -5.87365e-07  5.86115e-07 -5.75385e-07  5.74914e-07 -5.72858e-07  5.72319e-07 -5.71378e-07  1.99309e-07 -7.11665e-09  7.11041e-09 -7.08153e-09  7.06666e-09 -7.06558e-09  7.04708e-09 -6.62001e-09  6.59834e-09 -1.04838e-13  1.02187e-13
 -0.00130973  0.000422696 -0.000422057  0.000421704 -0.000420218  0.000417636 -0.000338576  5.87525e-07 -5.87365e-07  5.86832e-07 -5.85584e-07  5.74863e-07 -5.74393e-07  5.72338e-07 -5.71801e-07   5.7086e-07 -1.99129e-07  7.11019e-09 -7.10397e-09  7.07511e-09 -7.06026e-09  7.05917e-09 -7.04069e-09  6.61401e-09 -6.59236e-09  1.04743e-13 -1.02094e-13
  0.00130694 -0.000421797  0.000421159 -0.000420806  0.000419324 -0.000416748  0.000337856 -5.86275e-07  5.86115e-07 -5.85584e-07  5.84338e-07  -5.7364e-07  5.73171e-07 -5.71121e-07  5.70584e-07 -5.69646e-07  1.98705e-07 -7.09507e-09  7.08885e-09 -7.06006e-09  7.04524e-09 -7.04415e-09  7.02571e-09 -6.59994e-09  6.57834e-09  -1.0452e-13  1.01877e-13
 -0.00128302  0.000414075 -0.000413449  0.000413103 -0.000411647  0.000409118  -0.00033167  5.75542e-07 -5.75385e-07  5.74863e-07  -5.7364e-07  5.63138e-07 -5.62678e-07  5.60665e-07 -5.60138e-07  5.59217e-07 -1.95067e-07  6.96517e-09 -6.95908e-09  6.93081e-09 -6.91626e-09   6.9152e-09 -6.89709e-09  6.47911e-09 -6.45791e-09  1.02607e-13 -1.00012e-13
  0.00128197 -0.000413736  0.000413111 -0.000412765  0.000411311 -0.000408784  0.000331399 -5.75071e-07  5.74914e-07 -5.74393e-07  5.73171e-07 -5.62678e-07  5.62217e-07 -5.60206e-07   5.5968e-07  -5.5876e-07  1.94908e-07 -6.95948e-09  6.95338e-09 -6.92514e-09   6.9106e-09 -6.90954e-09  6.89145e-09 -6.47381e-09  6.45262e-09 -1.02523e-13  9.99299e-14
 -0.00127738  0.000412256 -0.000411633  0.000411288 -0.000409839  0.000407321 -0.000330213  5.73014e-07 -5.72858e-07  5.72338e-07 -5.71121e-07  5.60665e-07 -5.60206e-07  5.58203e-07 -5.57678e-07  5.56762e-07 -1.94211e-07  6.93459e-09 -6.92852e-09  6.90038e-09 -6.88589e-09  6.88483e-09  -6.8668e-09  6.45066e-09 -6.42955e-09  1.02156e-13 -9.95725e-14
  0.00127618 -0.000411869  0.000411246 -0.000410902  0.000409454 -0.000406939  0.000329903 -5.72476e-07  5.72319e-07 -5.71801e-07  5.70584e-07 -5.60138e-07   5.5968e-07 -5.57678e-07  5.57155e-07 -5.56239e-07  1.94028e-07 -6.92807e-09  6.92201e-09 -6.89389e-09  6.87942e-09 -6.87836e-09  6.86035e-09  -6.4446e-09  6.42351e-09  -1.0206e-13   9.9479e-14
 -0.00127408  0.000411192  -0.00041057  0.000410226 -0.000408781   0.00040627 -0.000329361  5.71535e-07 -5.71378e-07   5.7086e-07 -5.69646e-07  5.59217e-07  -5.5876e-07  5.56762e-07 -5.56239e-07  5.55324e-07 -1.93709e-07  6.91668e-09 -6.91063e-09  6.88256e-09 -6.86811e-09  6.86705e-09 -6.84907e-09    6.434e-09 -6.41295e-09  1.01892e-13 -9.93154e-14
 0.000444428 -0.000143433  0.000143216 -0.000143096  0.000142592 -0.000141716  0.000114888 -1.99364e-07  1.99309e-07 -1.99129e-07  1.98705e-07 -1.95067e-07  1.94908e-07 -1.94211e-07  1.94028e-07 -1.93709e-07  7.62083e-08 -2.72114e-09  2.71875e-09 -2.70771e-09  2.70202e-09 -2.70161e-09  2.69454e-09 -2.53124e-09  2.52296e-09 -4.00861e-14  3.90723e-14
 -1.5869e-05  5.12149e-06 -5.11374e-06  5.10946e-06 -5.09146e-06  5.06018e-06 -4.10226e-06  7.11859e-09 -7.11665e-09  7.11019e-09 -7.09507e-09  6.96517e-09 -6.95948e-09  6.93459e-09 -6.92807e-09  6.91668e-09 -2.72114e-09  9.71625e-11 -9.70774e-11  9.66831e-11 -9.64801e-11  9.64653e-11 -9.62127e-11   9.0382e-11 -9.00862e-11  1.43134e-15 -1.39514e-15
 1.58551e-05   -5.117e-06  5.10926e-06 -5.10498e-06    5.087e-06 -5.05575e-06  4.09867e-06 -7.11236e-09  7.11041e-09 -7.10397e-09  7.08885e-09 -6.95908e-09  6.95338e-09 -6.92852e-09  6.92201e-09 -6.91063e-09  2.71875e-09 -9.70774e-11  9.69924e-11 -9.65985e-11  9.63956e-11 -9.63808e-11  9.61285e-11 -9.03029e-11  9.00073e-11 -1.43008e-15  1.39392e-15
-1.57907e-05  5.09622e-06 -5.08851e-06  5.08425e-06 -5.06634e-06  5.03521e-06 -4.08202e-06  7.08347e-09 -7.08153e-09  7.07511e-09 -7.06006e-09  6.93081e-09 -6.92514e-09  6.90038e-09 -6.89389e-09  6.88256e-09 -2.70771e-09  9.66831e-11 -9.65985e-11  9.62061e-11 -9.60041e-11  9.59894e-11  -9.5738e-11  8.99361e-11 -8.96418e-11  1.42428e-15 -1.38826e-15
 1.57575e-05 -5.08552e-06  5.07783e-06 -5.07357e-06   5.0557e-06 -5.02464e-06  4.07345e-06  -7.0686e-09  7.06666e-09 -7.06026e-09  7.04524e-09 -6.91626e-09   6.9106e-09 -6.88589e-09  6.87942e-09 -6.86811e-09  2.70202e-09 -9.64801e-11  9.63956e-11 -9.60041e-11  9.58025e-11 -9.57878e-11   9.5537e-11 -8.97472e-11  8.94535e-11 -1.42128e-15  1.38534e-15
-1.57551e-05  5.08474e-06 -5.07705e-06  5.07279e-06 -5.05492e-06  5.02387e-06 -4.07283e-06  7.06751e-09 -7.06558e-09  7.05917e-09 -7.04415e-09   6.9152e-09 -6.90954e-09  6.88483e-09 -6.87836e-09  6.86705e-09 -2.70161e-09  9.64653e-11 -9.63808e-11  9.59894e-11 -9.57878e-11  9.57731e-11 -9.55223e-11  8.97335e-11 -8.94398e-11  1.42107e-15 -1.38513e-15
 1.57139e-05 -5.07142e-06  5.06375e-06 -5.05951e-06  5.04169e-06 -5.01071e-06  4.06216e-06 -7.04901e-09  7.04708e-09 -7.04069e-09  7.02571e-09 -6.89709e-09  6.89145e-09  -6.8668e-09  6.86035e-09 -6.84907e-09  2.69454e-09 -9.62127e-11  9.61285e-11  -9.5738e-11   9.5537e-11 -9.55223e-11  9.52722e-11 -8.94985e-11  8.92056e-11 -1.41735e-15   1.3815e-15
-1.47616e-05  4.76408e-06 -4.75688e-06  4.75289e-06 -4.73615e-06  4.70705e-06 -3.81599e-06  6.62182e-09 -6.62001e-09  6.61401e-09 -6.59994e-09  6.47911e-09 -6.47381e-09  6.45066e-09  -6.4446e-09    6.434e-09 -2.53124e-09   9.0382e-11 -9.03029e-11  8.99361e-11 -8.97472e-11  8.97335e-11 -8.94985e-11  8.40749e-11 -8.37997e-11  1.33145e-15 -1.29778e-15
 1.47133e-05 -4.74849e-06  4.74131e-06 -4.73734e-06  4.72065e-06 -4.69165e-06   3.8035e-06 -6.60015e-09  6.59834e-09 -6.59236e-09  6.57834e-09 -6.45791e-09  6.45262e-09 -6.42955e-09  6.42351e-09 -6.41295e-09  2.52296e-09 -9.00862e-11  9.00073e-11 -8.96418e-11  8.94535e-11 -8.94398e-11  8.92056e-11 -8.37997e-11  8.35255e-11  -1.3271e-15  1.29353e-15
-2.33772e-10  7.54466e-11 -7.53325e-11  7.52693e-11 -7.50042e-11  7.45434e-11  -6.0432e-11  1.04867e-13 -1.04838e-13  1.04743e-13  -1.0452e-13  1.02607e-13 -1.02523e-13  1.02156e-13  -1.0206e-13  1.01892e-13 -4.00861e-14  1.43134e-15 -1.43008e-15  1.42428e-15 -1.42128e-15  1.42107e-15 -1.41735e-15  1.33145e-15  -1.3271e-15  2.98695e-17 -2.91141e-17
  2.2786e-10 -7.35385e-11  7.34273e-11 -7.33658e-11  7.31073e-11 -7.26582e-11  5.89037e-11 -1.02215e-13  1.02187e-13 -1.02094e-13  1.01877e-13 -1.00012e-13  9.99299e-14 -9.95725e-14   9.9479e-14 -9.93154e-14  3.90723e-14 -1.39514e-15  1.39392e-15 -1.38826e-15  1.38534e-15 -1.38513e-15   1.3815e-15 -1.29778e-15  1.29353e-15 -2.91141e-17  2.89723e-17
Weights:
 5.25441e+14 -4.76999e+14  4.53509e+14 -3.49933e+14   3.4822e+14 -3.32421e+14  1.65328e+12 -4.77714e+11  4.76115e+11 -1.56931e+10  1.56164e+10 -6.75702e+09  6.75691e+09 -4.74278e+09  2.31727e+09 -2.31417e+09  1.17443e+06 -1.14153e+06   1.1243e+06 -1.12354e+06       283497      -281185       280371     -81170.2      81153.4     -17.1998      17.1361
-4.76999e+14  4.33023e+14 -4.11698e+14  3.17671e+14 -3.16117e+14  3.01774e+14 -1.50086e+12  4.33672e+11 -4.32221e+11  1.42463e+10 -1.41767e+10  6.13407e+09 -6.13397e+09  4.30553e+09 -2.10363e+09  2.10082e+09 -1.06616e+06  1.03629e+06 -1.02064e+06  1.01996e+06      -257360       255262      -254523      73686.9     -73671.6      15.6141     -15.5563
 4.53509e+14 -4.11698e+14  3.91424e+14 -3.02028e+14  3.00549e+14 -2.86913e+14  1.42695e+12 -4.12316e+11  4.10936e+11 -1.35447e+10  1.34785e+10 -5.83199e+09   5.8319e+09  -4.0935e+09  2.00004e+09 -1.99736e+09  1.01365e+06      -985255       970383      -969729       244686      -242692       241989     -70058.2      70043.6     -14.8452      14.7902
-3.49933e+14  3.17671e+14 -3.02028e+14  2.33048e+14 -2.31908e+14  2.21386e+14 -1.10105e+12  3.18148e+11 -3.17083e+11  1.04513e+10 -1.04002e+10  4.50004e+09 -4.49997e+09  3.15859e+09 -1.54325e+09  1.54119e+09      -782147       760235      -748759       748255      -188803       187264      -186721      54057.7     -54046.5      11.4547     -11.4123
  3.4822e+14 -3.16117e+14  3.00549e+14 -2.31908e+14  2.30773e+14 -2.20302e+14  1.09566e+12 -3.16591e+11  3.15531e+11 -1.04001e+10  1.03493e+10 -4.47801e+09  4.47794e+09 -3.14313e+09   1.5357e+09 -1.53365e+09       778319      -756514       745095      -744593       187879      -186347       185808     -53793.2        53782     -11.3987      11.3565
-3.32421e+14  3.01774e+14 -2.86913e+14  2.21386e+14 -2.20302e+14  2.10307e+14 -1.04595e+12  3.02227e+11 -3.01215e+11  9.92827e+09 -9.87973e+09  4.27484e+09 -4.27477e+09  3.00053e+09 -1.46602e+09  1.46406e+09      -743006       722190      -711289       710810      -179355       177892      -177377      51352.5     -51341.8      10.8815     -10.8412
 1.65328e+12 -1.50086e+12  1.42695e+12 -1.10105e+12  1.09566e+12 -1.04595e+12  5.20198e+09 -1.50311e+09  1.49808e+09 -4.93778e+07  4.91364e+07 -2.12607e+07  2.12604e+07  -1.4923e+07   7.2912e+06 -7.28145e+06       3695.3     -3591.78      3537.56     -3535.18      892.012      -884.74      882.177     -255.399      255.346   -0.0541186    0.0539182
-4.77714e+11  4.33672e+11 -4.12316e+11  3.18148e+11 -3.16591e+11  3.02227e+11 -1.50311e+09  4.34323e+08 -4.32869e+08  1.42677e+07 -1.41979e+07  6.14327e+06 -6.14318e+06  4.31199e+06 -2.10679e+06  2.10397e+06     -1067.76      1037.84     -1022.18      1021.49     -257.747      255.645     -254.905      73.7975     -73.7822    0.0156375   -0.0155797
 4.76115e+11 -4.32221e+11  4.10936e+11 -3.17083e+11  3.15531e+11 -3.01215e+11  1.49808e+09 -4.32869e+08   4.3142e+08 -1.42199e+07  1.41504e+07  -6.1227e+06  6.12261e+06 -4.29755e+06  2.09974e+06 -2.09693e+06      1064.18     -1034.37      1018.75     -1018.07      256.884     -254.789      254.051     -73.5504      73.5351   -0.0155852    0.0155275
-1.56931e+10  1.42463e+10 -1.35447e+10  1.04513e+10 -1.04001e+10  9.92827e+09 -4.93778e+07  1.42677e+07 -1.42199e+07       468699      -466408       201809      -201806       141650     -69208.9      69116.3     -35.0762      34.0935     -33.5789      33.5563     -8.46707      8.39804     -8.37372      2.42428     -2.42377  0.000513699 -0.000511798
 1.56164e+10 -1.41767e+10  1.34785e+10 -1.04002e+10  1.03493e+10 -9.87973e+09  4.91364e+07 -1.41979e+07  1.41504e+07      -466408       464127      -200822       200819      -140958      68870.5     -68778.4      34.9047     -33.9268      33.4147     -33.3922      8.42568     -8.35699      8.33278     -2.41242      2.41192 -0.000511188  0.000509295
-6.75702e+09  6.13407e+09 -5.83199e+09  4.50004e+09 -4.47801e+09  4.27484e+09 -2.12607e+07  6.14327e+06  -6.1227e+06       201809      -200822      86893.3       -86892      60990.8     -29799.4      29759.6     -15.1028      14.6797     -14.4581      14.4484     -3.64569      3.61597     -3.60549      1.04383     -1.04361  0.000221185 -0.000220366
 6.75691e+09 -6.13397e+09   5.8319e+09 -4.49997e+09  4.47794e+09 -4.27477e+09  2.12604e+07 -6.14318e+06  6.12261e+06      -201806       200819       -86892      86890.6     -60989.8        29799     -29759.1      15.1026     -14.6795      14.4579     -14.4482      3.64563     -3.61591      3.60544     -1.04381      1.04359 -0.000221181  0.000220362
-4.74278e+09  4.30553e+09  -4.0935e+09  3.15859e+09 -3.14313e+09  3.00053e+09  -1.4923e+07  4.31199e+06 -4.29755e+06       141650      -140958      60990.8     -60989.8      42809.7     -20916.3      20888.3     -10.6007      10.3038     -10.1482      10.1414     -2.55892      2.53806     -2.53071     0.732666    -0.732514   0.00015525 -0.000154676
 2.31727e+09 -2.10363e+09  2.00004e+09 -1.54325e+09   1.5357e+09 -1.46602e+09   7.2912e+06 -2.10679e+06  2.09974e+06     -69208.9      68870.5     -29799.4        29799     -20916.3      10219.5     -10205.8      5.17941      -5.0343      4.95831     -4.95497      1.25026     -1.24007      1.23648    -0.357972     0.357898 -7.58536e-05  7.55729e-05
-2.31417e+09  2.10082e+09 -1.99736e+09  1.54119e+09 -1.53365e+09  1.46406e+09 -7.28145e+06  2.10397e+06 -2.09693e+06      69116.3     -68778.4      29759.6     -29759.1      20888.3     -10205.8      10192.2     -5.17248      5.02757     -4.95168      4.94835     -1.24859      1.23841     -1.23482     0.357494    -0.357419  7.57522e-05 -7.54717e-05
 1.17443e+06 -1.06616e+06  1.01365e+06      -782147       778319      -743006       3695.3     -1067.76      1064.18     -35.0762      34.9047     -15.1028      15.1026     -10.6007      5.17941     -5.17248   0.00262501  -0.00255147   0.00251296  -0.00251126  0.000633654 -0.000628488  0.000626667 -0.000181426  0.000181389 -3.84439e-08  3.83016e-08
-1.14153e+06  1.03629e+06      -985255       760235      -756514       722190     -3591.78      1037.84     -1034.37      34.0935     -33.9268      14.6797     -14.6795      10.3038      -5.0343      5.02757  -0.00255147   0.00247999  -0.00244255   0.00244091 -0.000615901   0.00061088 -0.000609111  0.000176344 -0.000176307  3.73669e-08 -3.72286e-08
  1.1243e+06 -1.02064e+06       970383      -748759       745095      -711289      3537.56     -1022.18      1018.75     -33.5789      33.4147     -14.4581      14.4579     -10.1482      4.95831     -4.95168   0.00251296  -0.00244255   0.00240568  -0.00240406  0.000606604 -0.000601659  0.000599916 -0.000173682  0.000173646 -3.68028e-08  3.66666e-08
-1.12354e+06  1.01996e+06      -969729       748255      -744593       710810     -3535.18      1021.49     -1018.07      33.5563     -33.3922      14.4484     -14.4482      10.1414     -4.95497      4.94835  -0.00251126   0.00244091  -0.00240406   0.00240245 -0.000606196  0.000601254 -0.000599512  0.000173565 -0.000173529  3.67781e-08 -3.66419e-08
      283497      -257360       244686      -188803       187879      -179355      892.012     -257.747      256.884     -8.46707      8.42568     -3.64569      3.64563     -2.55892      1.25026     -1.24859  0.000633654 -0.000615901  0.000606604 -0.000606196  0.000152958 -0.000151711  0.000151272 -4.37947e-05  4.37856e-05    -9.28e-09  9.24565e-09
     -281185       255262      -242692       187264      -186347       177892      -884.74      255.645     -254.789      8.39804     -8.35699      3.61597     -3.61591      2.53806     -1.24007      1.23841 -0.000628488   0.00061088 -0.000601659  0.000601254 -0.000151711  0.000150474 -0.000150038  4.34376e-05 -4.34286e-05  9.20435e-09 -9.17027e-09
      280371      -254523       241989      -186721       185808      -177377      882.177     -254.905      254.051     -8.37372      8.33278     -3.60549      3.60544     -2.53071      1.23648     -1.23482  0.000626667 -0.000609111  0.000599916 -0.000599512  0.000151272 -0.000150038  0.000149604 -4.33118e-05  4.33028e-05 -9.17769e-09  9.14371e-09
    -81170.2      73686.9     -70058.2      54057.7     -53793.2      51352.5     -255.399      73.7975     -73.5504      2.42428     -2.41242      1.04383     -1.04381     0.732666    -0.357972     0.357494 -0.000181426  0.000176344 -0.000173682  0.000173565 -4.37947e-05  4.34376e-05 -4.33118e-05  1.25392e-05 -1.25366e-05  2.65704e-09  -2.6472e-09
     81153.4     -73671.6      70043.6     -54046.5        53782     -51341.8      255.346     -73.7822      73.5351     -2.42377      2.41192     -1.04361      1.04359    -0.732514     0.357898    -0.357419  0.000181389 -0.000176307  0.000173646 -0.000173529  4.37856e-05 -4.34286e-05  4.33028e-05 -1.25366e-05   1.2534e-05 -2.65648e-09  2.64665e-09
    -17.1998      15.6141     -14.8452      11.4547     -11.3987      10.8815   -0.0541186    0.0156375   -0.0155852  0.000513699 -0.000511188  0.000221185 -0.000221181   0.00015525 -7.58536e-05  7.57522e-05 -3.84439e-08  3.73669e-08 -3.68028e-08  3.67781e-08    -9.28e-09  9.20435e-09 -9.17769e-09  2.65704e-09 -2.65648e-09  5.63094e-13  -5.6101e-13
     17.1361     -15.5563      14.7902     -11.4123      11.3565     -10.8412    0.0539182   -0.0155797    0.0155275 -0.000511798  0.000509295 -0.000220366  0.000220362 -0.000154676  7.55729e-05 -7.54717e-05  3.83016e-08 -3.72286e-08  3.66666e-08 -3.66419e-08  9.24565e-09 -9.17027e-09  9.14371e-09  -2.6472e-09  2.64665e-09  -5.6101e-13  5.58933e-13
Weights:
 3.59383e+25 -3.36985e+25  2.95969e+25 -1.99127e+25  1.98599e+25 -1.44595e+25  2.08744e+22 -1.33152e+22  1.32689e+22 -8.97611e+19  8.95662e+19 -1.99392e+18  1.99388e+18 -1.35618e+18  1.18981e+17 -1.18454e+17  2.60433e+13  -2.5555e+13  2.11747e+13  -2.1127e+13  1.17569e+12 -1.17403e+12  1.17391e+12 -1.07956e+11  1.07937e+11 -3.67273e+07  3.66748e+07
-3.36985e+25  3.15983e+25 -2.77523e+25  1.86716e+25 -1.86222e+25  1.35584e+25 -1.95734e+22  1.24853e+22  -1.2442e+22  8.41669e+19 -8.39842e+19  1.86965e+18 -1.86962e+18  1.27166e+18 -1.11566e+17  1.11071e+17 -2.44202e+13  2.39624e+13  -1.9855e+13  1.98103e+13 -1.10242e+12  1.10086e+12 -1.10074e+12  1.01228e+11  -1.0121e+11  3.44384e+07 -3.43891e+07
 2.95969e+25 -2.77523e+25  2.43745e+25  -1.6399e+25  1.63556e+25 -1.19081e+25  1.71911e+22 -1.09657e+22  1.09276e+22 -7.39226e+19  7.37621e+19 -1.64209e+18  1.64206e+18 -1.11688e+18  9.79867e+16 -9.75525e+16  2.14479e+13 -2.10458e+13  1.74384e+13 -1.73991e+13  9.68237e+11 -9.66872e+11  9.66769e+11 -8.89069e+10  8.88912e+10 -3.02468e+07  3.02035e+07
-1.99127e+25  1.86716e+25  -1.6399e+25  1.10332e+25  -1.1004e+25  8.01173e+24 -1.15661e+22  7.37767e+21 -7.35203e+21  4.97348e+19 -4.96268e+19  1.10479e+18 -1.10477e+18   7.5143e+17 -6.59249e+16  6.56328e+16   -1.443e+13  1.41595e+13 -1.17324e+13  1.17061e+13 -6.51425e+11  6.50507e+11 -6.50437e+11  5.98161e+10 -5.98056e+10  2.03499e+07 -2.03208e+07
 1.98599e+25 -1.86222e+25  1.63556e+25  -1.1004e+25  1.09748e+25 -7.99051e+24  1.15354e+22 -7.35813e+21  7.33256e+21  -4.9603e+19  4.94954e+19 -1.10186e+18  1.10184e+18  -7.4944e+17  6.57503e+16  -6.5459e+16  1.43918e+13  -1.4122e+13  1.17014e+13 -1.16751e+13    6.497e+11 -6.48784e+11  6.48714e+11 -5.96577e+10  5.96472e+10  -2.0296e+07  2.02669e+07
-1.44595e+25  1.35584e+25 -1.19081e+25  8.01173e+24 -7.99051e+24   5.8177e+24 -8.39867e+21  5.35728e+21 -5.33866e+21  3.61148e+19 -3.60364e+19  8.02241e+17 -8.02226e+17   5.4565e+17 -4.78713e+16  4.76591e+16 -1.04783e+13  1.02819e+13 -8.51949e+12  8.50033e+12 -4.73031e+11  4.72364e+11 -4.72314e+11  4.34354e+10 -4.34277e+10   1.4777e+07 -1.47559e+07
 2.08744e+22 -1.95734e+22  1.71911e+22 -1.15661e+22  1.15354e+22 -8.39867e+21  1.21247e+19 -7.73398e+18  7.70711e+18 -5.21368e+16  5.20236e+16 -1.15815e+15  1.15813e+15 -7.87722e+14  6.91089e+13 -6.88026e+13   1.5127e+10 -1.48434e+10  1.22991e+10 -1.22714e+10  6.82887e+08 -6.81924e+08  6.81851e+08  -6.2705e+07   6.2694e+07     -21332.7      21302.2
-1.33152e+22  1.24853e+22 -1.09657e+22  7.37767e+21 -7.35813e+21  5.35728e+21 -7.73398e+18   4.9333e+18 -4.91615e+18  3.32566e+16 -3.31844e+16   7.3875e+14 -7.38736e+14  5.02466e+14 -4.40827e+13  4.38873e+13 -9.64907e+09  9.46818e+09 -7.84524e+09   7.8276e+09 -4.35595e+08  4.34981e+08 -4.34934e+08  3.99978e+07 -3.99908e+07      13607.5     -13588.1
 1.32689e+22  -1.2442e+22  1.09276e+22 -7.35203e+21  7.33256e+21 -5.33866e+21  7.70711e+18 -4.91615e+18  4.89907e+18  -3.3141e+16  3.30691e+16 -7.36183e+14  7.36169e+14  -5.0072e+14  4.39295e+13 -4.37348e+13  9.61554e+09 -9.43528e+09  7.81798e+09  -7.8004e+09  4.34081e+08 -4.33469e+08  4.33423e+08 -3.98588e+07  3.98518e+07     -13560.3      13540.9
-8.97611e+19  8.41669e+19 -7.39226e+19  4.97348e+19  -4.9603e+19  3.61148e+19 -5.21368e+16  3.32566e+16  -3.3141e+16  2.24191e+14 -2.23705e+14   4.9801e+12 -4.98001e+12  3.38725e+12 -2.97173e+11  2.95856e+11 -6.50469e+07  6.38274e+07 -5.28868e+07  5.27679e+07 -2.93646e+06  2.93232e+06   -2.932e+06       269636      -269588      91.7319     -91.6007
 8.95662e+19 -8.39842e+19  7.37621e+19 -4.96268e+19  4.94954e+19 -3.60364e+19  5.20236e+16 -3.31844e+16  3.30691e+16 -2.23705e+14  2.23219e+14 -4.96929e+12   4.9692e+12  -3.3799e+12  2.96527e+11 -2.95213e+11  6.49057e+07 -6.36889e+07   5.2772e+07 -5.26533e+07  2.93008e+06 -2.92595e+06  2.92564e+06      -269050       269003     -91.5328      91.4019
-1.99392e+18  1.86965e+18 -1.64209e+18  1.10479e+18 -1.10186e+18  8.02241e+17 -1.15815e+15   7.3875e+14 -7.36183e+14   4.9801e+12 -4.96929e+12  1.10626e+11 -1.10624e+11  7.52432e+10 -6.60128e+09  6.57203e+09 -1.44493e+06  1.41784e+06 -1.17481e+06  1.17217e+06     -65229.3      65137.4     -65130.4      5989.58     -5988.53       2.0377     -2.03478
 1.99388e+18 -1.86962e+18  1.64206e+18 -1.10477e+18  1.10184e+18 -8.02226e+17  1.15813e+15 -7.38736e+14  7.36169e+14 -4.98001e+12   4.9692e+12 -1.10624e+11  1.10622e+11 -7.52417e+10  6.60115e+09  -6.5719e+09   1.4449e+06 -1.41781e+06  1.17479e+06 -1.17214e+06      65228.1     -65136.1      65129.1     -5989.47      5988.41     -2.03766      2.03475
-1.35618e+18  1.27166e+18 -1.11688e+18   7.5143e+17  -7.4944e+17   5.4565e+17 -7.87722e+14  5.02466e+14  -5.0072e+14  3.38725e+12  -3.3799e+12  7.52432e+10 -7.52417e+10  5.11772e+10 -4.48991e+09  4.47001e+09      -982777       964353      -799053       797257     -44366.2      44303.6     -44298.9      4073.86     -4073.14      1.38595     -1.38397
 1.18981e+17 -1.11566e+17  9.79867e+16 -6.59249e+16  6.57503e+16 -4.78713e+16  6.91089e+13 -4.40827e+13  4.39295e+13 -2.97173e+11  2.96527e+11 -6.60128e+09  6.60115e+09 -4.48991e+09  3.93911e+08 -3.92166e+08      86221.6     -84605.2        70103     -69945.4      3892.36     -3886.87      3886.46      -357.41      357.347    -0.121593      0.12142
-1.18454e+17  1.11071e+17 -9.75525e+16  6.56328e+16  -6.5459e+16  4.76591e+16 -6.88026e+13  4.38873e+13 -4.37348e+13  2.95856e+11 -2.95213e+11  6.57203e+09  -6.5719e+09  4.47001e+09 -3.92166e+08  3.90428e+08     -85839.5      84230.3     -69792.4      69635.5     -3875.11      3869.65     -3869.23      355.826     -355.764     0.121055    -0.120882
 2.60433e+13 -2.44202e+13  2.14479e+13   -1.443e+13  1.43918e+13 -1.04783e+13   1.5127e+10 -9.64907e+09  9.61554e+09 -6.50469e+07  6.49057e+07 -1.44493e+06   1.4449e+06      -982777      86221.6     -85839.5      18.8727     -18.5189      15.3446     -15.3101     0.851983    -0.850782     0.850691    -0.078232    0.0782182 -2.66151e-05   2.6577e-05
 -2.5555e+13  2.39624e+13 -2.10458e+13  1.41595e+13  -1.4122e+13  1.02819e+13 -1.48434e+10  9.46818e+09 -9.43528e+09  6.38274e+07 -6.36889e+07  1.41784e+06 -1.41781e+06       964353     -84605.2      84230.3     -18.5189      18.1717     -15.0569       15.023    -0.836011     0.834832    -0.834742    0.0767654   -0.0767519  2.61161e-05 -2.60788e-05
 2.11747e+13  -1.9855e+13  1.74384e+13 -1.17324e+13  1.17014e+13 -8.51949e+12  1.22991e+10 -7.84524e+09  7.81798e+09 -5.28868e+07   5.2772e+07 -1.17481e+06  1.17479e+06      -799053        70103     -69792.4      15.3446     -15.0569       12.476     -12.4479      0.69271    -0.691734      0.69166   -0.0636071    0.0635959 -2.16396e-05  2.16086e-05
 -2.1127e+13  1.98103e+13 -1.73991e+13  1.17061e+13 -1.16751e+13  8.50033e+12 -1.22714e+10   7.8276e+09  -7.8004e+09  5.27679e+07 -5.26533e+07  1.17217e+06 -1.17214e+06       797257     -69945.4      69635.5     -15.3101       15.023     -12.4479        12.42    -0.691153     0.690178    -0.690104     0.063464   -0.0634528  2.15909e-05   -2.156e-05
 1.17569e+12 -1.10242e+12  9.68237e+11 -6.51425e+11    6.497e+11 -4.73031e+11  6.82887e+08 -4.35595e+08  4.34081e+08 -2.93646e+06  2.93008e+06     -65229.3      65228.1     -44366.2      3892.36     -3875.11     0.851983    -0.836011      0.69271    -0.691153    0.0384617   -0.0384074    0.0384033  -0.00353168   0.00353106  -1.2015e-06  1.19978e-06
-1.17403e+12  1.10086e+12 -9.66872e+11  6.50507e+11 -6.48784e+11  4.72364e+11 -6.81924e+08  4.34981e+08 -4.33469e+08  2.93232e+06 -2.92595e+06      65137.4     -65136.1      44303.6     -3886.87      3869.65    -0.850782     0.834832    -0.691734     0.690178   -0.0384074    0.0383533   -0.0383492    0.0035267  -0.00352608  1.19981e-06 -1.19809e-06
 1.17391e+12 -1.10074e+12  9.66769e+11 -6.50437e+11  6.48714e+11 -4.72314e+11  6.81851e+08 -4.34934e+08  4.33423e+08   -2.932e+06  2.92564e+06     -65130.4      65129.1     -44298.9      3886.46     -3869.23     0.850691    -0.834742      0.69166    -0.690104    0.0384033   -0.0383492    0.0383451  -0.00352632    0.0035257 -1.19968e-06  1.19797e-06
-1.07956e+11  1.01228e+11 -8.89069e+10  5.98161e+10 -5.96577e+10  4.34354e+10  -6.2705e+07  3.99978e+07 -3.98588e+07       269636      -269050      5989.58     -5989.47      4073.86      -357.41      355.826    -0.078232    0.0767654   -0.0636071     0.063464  -0.00353168    0.0035267  -0.00352632  0.000324291 -0.000324234  1.10326e-07 -1.10168e-07
 1.07937e+11  -1.0121e+11  8.88912e+10 -5.98056e+10  5.96472e+10 -4.34277e+10   6.2694e+07 -3.99908e+07  3.98518e+07      -269588       269003     -5988.53      5988.41     -4073.14      357.347     -355.764    0.0782182   -0.0767519    0.0635959   -0.0634528   0.00353106  -0.00352608    0.0035257 -0.000324234  0.000324177 -1.10307e-07  1.10149e-07
-3.67273e+07  3.44384e+07 -3.02468e+07  2.03499e+07  -2.0296e+07   1.4777e+07     -21332.7      13607.5     -13560.3      91.7319     -91.5328       2.0377     -2.03766      1.38595    -0.121593     0.121055 -2.66151e-05  2.61161e-05 -2.16396e-05  2.15909e-05  -1.2015e-06  1.19981e-06 -1.19968e-06  1.10326e-07 -1.10307e-07   3.7534e-11 -3.74803e-11
 3.66748e+07 -3.43891e+07  3.02035e+07 -2.03208e+07  2.02669e+07 -1.47559e+07      21302.2     -13588.1      13540.9     -91.6007      91.4019     -2.03478      2.03475     -1.38397      0.12142    -0.120882   2.6577e-05 -2.60788e-05  2.16086e-05   -2.156e-05  1.19978e-06 -1.19809e-06  1.19797e-06 -1.10168e-07  1.10149e-07 -3.74803e-11  3.74267e-11
Weights:
 9.71579e+26 -9.41587e+26  7.17789e+26 -4.71015e+26  4.70571e+26 -2.79003e+26  4.31551e+23 -3.77718e+23  3.76747e+23  -9.3534e+20   9.3451e+20 -7.81034e+18  7.81021e+18 -3.35723e+18  3.07847e+17 -3.06482e+17  6.31018e+13 -6.24327e+13   4.2649e+13 -4.25234e+13  4.94607e+12 -4.94357e+12   4.9429e+12   -4.264e+11  4.26325e+11 -3.66043e+08  3.65859e+08
-9.41587e+26  9.12522e+26 -6.95632e+26  4.56476e+26 -4.56045e+26   2.7039e+26 -4.18229e+23  3.66058e+23 -3.65118e+23  9.06468e+20 -9.05663e+20  7.56925e+18 -7.56911e+18   3.2536e+18 -2.98344e+17  2.97021e+17 -6.11539e+13  6.05055e+13 -4.13325e+13  4.12107e+13 -4.79339e+12  4.79096e+12 -4.79032e+12  4.13238e+11 -4.13165e+11  3.54744e+08 -3.54565e+08
 7.17789e+26 -6.95632e+26  5.30292e+26  -3.4798e+26  3.47651e+26 -2.06123e+26  3.18824e+23 -2.79053e+23  2.78336e+23 -6.91016e+20  6.90403e+20 -5.77017e+18  5.77007e+18 -2.48028e+18  2.27433e+17 -2.26425e+17  4.66187e+13 -4.61244e+13  3.15085e+13 -3.14157e+13  3.65409e+12 -3.65224e+12  3.65175e+12 -3.15019e+11  3.14963e+11 -2.70427e+08  2.70291e+08
-4.71015e+26  4.56476e+26  -3.4798e+26  2.28345e+26  -2.2813e+26  1.35259e+26 -2.09213e+23  1.83115e+23 -1.82645e+23  4.53447e+20 -4.53045e+20   3.7864e+18 -3.78634e+18  1.62757e+18 -1.49242e+17  1.48581e+17 -3.05914e+13   3.0267e+13  -2.0676e+13  2.06151e+13 -2.39782e+12  2.39661e+12 -2.39629e+12  2.06716e+11  -2.0668e+11  1.77455e+08 -1.77366e+08
 4.70571e+26 -4.56045e+26  3.47651e+26  -2.2813e+26  2.27914e+26 -1.35131e+26  2.09016e+23 -1.82942e+23  1.82472e+23 -4.53019e+20  4.52617e+20 -3.78283e+18  3.78277e+18 -1.62603e+18  1.49101e+17  -1.4844e+17  3.05625e+13 -3.02384e+13  2.06565e+13 -2.05956e+13  2.39556e+12 -2.39435e+12  2.39403e+12 -2.06521e+11  2.06485e+11 -1.77288e+08  1.77199e+08
-2.79003e+26   2.7039e+26 -2.06123e+26  1.35259e+26 -1.35131e+26  8.01195e+25 -1.23926e+23  1.08467e+23 -1.08188e+23  2.68596e+20 -2.68358e+20  2.24285e+18 -2.24281e+18  9.64077e+17 -8.84025e+16  8.80107e+16 -1.81206e+13  1.79284e+13 -1.22473e+13  1.22112e+13 -1.42033e+12  1.41961e+12 -1.41942e+12  1.22447e+11 -1.22425e+11  1.05114e+08 -1.05061e+08
 4.31551e+23 -4.18229e+23  3.18824e+23 -2.09213e+23  2.09016e+23 -1.23926e+23  1.91684e+20 -1.67773e+20  1.67342e+20 -4.15455e+17  4.15086e+17 -3.46916e+15   3.4691e+15  -1.4912e+15  1.36738e+14 -1.36132e+14  2.80282e+10 -2.77311e+10  1.89436e+10 -1.88878e+10  2.19692e+09 -2.19581e+09  2.19551e+09 -1.89396e+08  1.89363e+08      -162587       162505
-3.77718e+23  3.66058e+23 -2.79053e+23  1.83115e+23 -1.82942e+23  1.08467e+23 -1.67773e+20  1.46844e+20 -1.46467e+20  3.63629e+17 -3.63307e+17   3.0364e+15 -3.03635e+15  1.30518e+15 -1.19681e+14   1.1915e+14 -2.45319e+10  2.42718e+10 -1.65805e+10  1.65317e+10 -1.92287e+09  1.92189e+09 -1.92164e+09   1.6577e+08 -1.65741e+08       142305      -142234
 3.76747e+23 -3.65118e+23  2.78336e+23 -1.82645e+23  1.82472e+23 -1.08188e+23  1.67342e+20 -1.46467e+20  1.46091e+20 -3.62695e+17  3.62373e+17  -3.0286e+15  3.02855e+15 -1.30183e+15  1.19373e+14 -1.18844e+14  2.44689e+10 -2.42094e+10  1.65379e+10 -1.64892e+10  1.91793e+09 -1.91696e+09   1.9167e+09 -1.65345e+08  1.65315e+08      -141940       141868
 -9.3534e+20  9.06468e+20 -6.91016e+20  4.53447e+20 -4.53019e+20  2.68596e+20 -4.15455e+17  3.63629e+17 -3.62695e+17  9.00454e+14 -8.99654e+14  7.51903e+12  -7.5189e+12  3.23201e+12 -2.96365e+11  2.95051e+11 -6.07482e+07  6.01041e+07 -4.10583e+07  4.09373e+07 -4.76159e+06  4.75918e+06 -4.75854e+06       410496      -410424       352.39     -352.213
  9.3451e+20 -9.05663e+20  6.90403e+20 -4.53045e+20  4.52617e+20 -2.68358e+20  4.15086e+17 -3.63307e+17  3.62373e+17 -8.99654e+14  8.98855e+14 -7.51235e+12  7.51222e+12 -3.22914e+12  2.96101e+11 -2.94789e+11  6.06943e+07 -6.00507e+07  4.10218e+07  -4.0901e+07  4.75736e+06 -4.75495e+06  4.75432e+06      -410132       410059     -352.077        351.9
-7.81034e+18  7.56925e+18 -5.77017e+18   3.7864e+18 -3.78283e+18  2.24285e+18 -3.46916e+15   3.0364e+15  -3.0286e+15  7.51903e+12 -7.51235e+12  6.27859e+10 -6.27848e+10  2.69882e+10 -2.47472e+09  2.46375e+09      -507264       501885      -342847       341837     -39760.6      39740.4     -39735.1      3427.75     -3427.15      2.94255     -2.94107
 7.81021e+18 -7.56911e+18  5.77007e+18 -3.78634e+18  3.78277e+18 -2.24281e+18   3.4691e+15 -3.03635e+15  3.02855e+15  -7.5189e+12  7.51222e+12 -6.27848e+10  6.27837e+10 -2.69877e+10  2.47468e+09 -2.46371e+09       507255      -501876       342841      -341831      39759.9     -39739.7      39734.4     -3427.69      3427.09      -2.9425      2.94102
-3.35723e+18   3.2536e+18 -2.48028e+18  1.62757e+18 -1.62603e+18  9.64077e+17  -1.4912e+15  1.30518e+15 -1.30183e+15  3.23201e+12 -3.22914e+12  2.69882e+10 -2.69877e+10  1.16007e+10 -1.06375e+09  1.05903e+09      -218045       215733      -147371       146937     -17090.9      17082.2     -17079.9       1473.4     -1473.14      1.26484      -1.2642
 3.07847e+17 -2.98344e+17  2.27433e+17 -1.49242e+17  1.49101e+17 -8.84025e+16  1.36738e+14 -1.19681e+14  1.19373e+14 -2.96365e+11  2.96101e+11 -2.47472e+09  2.47468e+09 -1.06375e+09  9.75419e+07 -9.71095e+07      19993.9     -19781.9      13513.4     -13473.6      1567.17     -1566.38      1566.17     -135.106      135.082    -0.115981     0.115923
-3.06482e+17  2.97021e+17 -2.26425e+17  1.48581e+17  -1.4844e+17  8.80107e+16 -1.36132e+14   1.1915e+14 -1.18844e+14  2.95051e+11 -2.94789e+11  2.46375e+09 -2.46371e+09  1.05903e+09 -9.71095e+07  9.66791e+07     -19905.3      19694.3     -13453.5      13413.9     -1560.23      1559.44     -1559.23      134.507     -134.483     0.115467    -0.115409
 6.31018e+13 -6.11539e+13  4.66187e+13 -3.05914e+13  3.05625e+13 -1.81206e+13  2.80282e+10 -2.45319e+10  2.44689e+10 -6.07482e+07  6.06943e+07      -507264       507255      -218045      19993.9     -19905.3      4.09832     -4.05486      2.76995     -2.76179     0.321236    -0.321073      0.32103   -0.0276937    0.0276888 -2.37736e-05  2.37617e-05
-6.24327e+13  6.05055e+13 -4.61244e+13   3.0267e+13 -3.02384e+13  1.79284e+13 -2.77311e+10  2.42718e+10 -2.42094e+10  6.01041e+07 -6.00507e+07       501885      -501876       215733     -19781.9      19694.3     -4.05486      4.01187     -2.74058      2.73251     -0.31783     0.317669    -0.317626    0.0274001   -0.0273953  2.35216e-05 -2.35097e-05
  4.2649e+13 -4.13325e+13  3.15085e+13  -2.0676e+13  2.06565e+13 -1.22473e+13  1.89436e+10 -1.65805e+10  1.65379e+10 -4.10583e+07  4.10218e+07      -342847       342841      -147371      13513.4     -13453.5      2.76995     -2.74058      1.87215     -1.86663     0.217116    -0.217006     0.216977   -0.0187175    0.0187142  -1.6068e-05    1.606e-05
-4.25234e+13  4.12107e+13 -3.14157e+13  2.06151e+13 -2.05956e+13  1.22112e+13 -1.88878e+10  1.65317e+10 -1.64892e+10  4.09373e+07  -4.0901e+07       341837      -341831       146937     -13473.6      13413.9     -2.76179      2.73251     -1.86663      1.86113    -0.216476     0.216366    -0.216337    0.0186624   -0.0186591  1.60207e-05 -1.60126e-05
 4.94607e+12 -4.79339e+12  3.65409e+12 -2.39782e+12  2.39556e+12 -1.42033e+12  2.19692e+09 -1.92287e+09  1.91793e+09 -4.76159e+06  4.75736e+06     -39760.6      39759.9     -17090.9      1567.17     -1560.23     0.321236     -0.31783     0.217116    -0.216476    0.0251793   -0.0251665    0.0251631   -0.0021707   0.00217032 -1.86344e-06   1.8625e-06
-4.94357e+12  4.79096e+12 -3.65224e+12  2.39661e+12 -2.39435e+12  1.41961e+12 -2.19581e+09  1.92189e+09 -1.91696e+09  4.75918e+06 -4.75495e+06      39740.4     -39739.7      17082.2     -1566.38      1559.44    -0.321073     0.317669    -0.217006     0.216366   -0.0251665    0.0251537   -0.0251504    0.0021696  -0.00216922  1.86249e-06 -1.86155e-06
  4.9429e+12 -4.79032e+12  3.65175e+12 -2.39629e+12  2.39403e+12 -1.41942e+12  2.19551e+09 -1.92164e+09   1.9167e+09 -4.75854e+06  4.75432e+06     -39735.1      39734.4     -17079.9      1566.17     -1559.23      0.32103    -0.317626     0.216977    -0.216337    0.0251631   -0.0251504     0.025147  -0.00216931   0.00216893 -1.86224e-06   1.8613e-06
  -4.264e+11  4.13238e+11 -3.15019e+11  2.06716e+11 -2.06521e+11  1.22447e+11 -1.89396e+08   1.6577e+08 -1.65345e+08       410496      -410132      3427.75     -3427.69       1473.4     -135.106      134.507   -0.0276937    0.0274001   -0.0187175    0.0186624   -0.0021707    0.0021696  -0.00216931  0.000187137 -0.000187104  1.60647e-07 -1.60566e-07
 4.26325e+11 -4.13165e+11  3.14963e+11  -2.0668e+11  2.06485e+11 -1.22425e+11  1.89363e+08 -1.65741e+08  1.65315e+08      -410424       410059     -3427.15      3427.09     -1473.14      135.082     -134.483    0.0276888   -0.0273953    0.0187142   -0.0186591   0.00217032  -0.00216922   0.00216893 -0.000187104  0.000187071 -1.60619e-07  1.60538e-07
