8.14592e-05,2.0546e-05,-9.3966e-05,-7.05589e-07,-8.61667e-06,7.55641e-08
2.0546e-05,1.23055e-05,-5.62784e-05,-4.22593e-07,-5.16072e-06,4.5257e-08
-9.3966e-05,-5.62784e-05,0.000582398,4.37321e-06,5.34058e-05,-4.68343e-07
-7.05589e-07,-4.22593e-07,4.37321e-06,1.93245e-06,2.35991e-05,-2.06953e-07
-8.61667e-06,-5.16072e-06,5.34058e-05,2.35991e-05,0.0209108,-0.000183378
7.55641e-08,4.5257e-08,-4.68343e-07,-2.06953e-07,-0.000183378,7.75253e-05
