1.09417,0.00109047,0.00277682,-0.0156067,-0.00169874,-0.000296341
0.00109047,3.0741e-06,7.82803e-06,-4.39961e-05,-4.78885e-06,-8.35403e-07
0.00277682,7.82803e-06,0.000265461,-0.00149198,-0.000162397,-2.83298e-05
-0.0156067,-4.39961e-05,-0.00149198,0.0118868,0.00129385,0.000225708
-0.00169874,-4.78885e-06,-0.000162397,0.00129385,0.000222006,3.87283e-05
-0.000296341,-8.35403e-07,-2.83298e-05,0.000225708,3.87283e-05,0.000607999
