USING NONMIXED MOMENTS!!
nRuns:1
Using two part PSO Sample Size:5000 with:12 moments.
Using Times:0.5   2  10  20  30
Bounds for Uniform Distribution (0,1)
Blind PSO --> nParts:1 Nsteps:1
Targeted PSO --> nParts:1 Nsteps:1
sdbeta:0.1
Reading in data!
Using starting row of data:0 and 5000 data pts!
first row X0:    289 1887.66 6.03024 5.41377 151.237 5.57028
final row X0:197.994 2376.11 5.26924 5.11029 203.092 6.30784



Loading in Truk!
Calculating Yt!
truk cost:3.77974e+09
Omega Weights:
    0.798096     -266.615      56.8668      7.74371     -18.2693      17.9984      4.84857      -911372      30673.4      573.967     -4360.58      3879.27
    -266.615       266734     -6450.13     -1095.64      4317.32     -1730.55     -1184.99  1.04331e+09 -3.45855e+06     -71385.1  1.17543e+06      -382255
     56.8668     -6450.13      6912.52      874.077     -1996.62      2269.73      264.869 -2.08738e+07  3.63599e+06      61485.4      -470333       481576
     7.74371     -1095.64      874.077      229.039     -734.721       172.83      41.6813 -3.68876e+06       495744        18326      -179211      36724.9
    -18.2693      4317.32     -1996.62     -734.721      6445.51     -192.171      -83.491  1.51787e+07 -1.03033e+06     -38056.1  2.23826e+06     -40590.2
     17.9984     -1730.55      2269.73       172.83     -192.171      855.884      78.2249 -5.42033e+06  1.15898e+06      10011.3     -39544.2       181524
     4.84857     -1184.99      264.869      41.6813      -83.491      78.2249      41.6108 -3.69944e+06       155722      3694.18     -19255.7        17815
     -911372  1.04331e+09 -2.08738e+07 -3.68876e+06  1.51787e+07 -5.42033e+06 -3.69944e+06  4.27659e+12 -1.11955e+10  -2.3503e+08  4.17153e+09 -1.20783e+09
     30673.4 -3.45855e+06  3.63599e+06       495744 -1.03033e+06  1.15898e+06       155722 -1.11955e+10  2.06329e+09   3.9233e+07 -2.38488e+08  2.59962e+08
     573.967     -71385.1      61485.4        18326     -38056.1      10011.3      3694.18  -2.3503e+08   3.9233e+07  1.88706e+06 -8.03085e+06  2.22398e+06
    -4360.58  1.17543e+06      -470333      -179211  2.23826e+06     -39544.2     -19255.7  4.17153e+09 -2.38488e+08 -8.03085e+06  9.07955e+08 -8.74462e+06
     3879.27      -382255       481576      36724.9     -40590.2       181524        17815 -1.20783e+09  2.59962e+08  2.22398e+06 -8.74462e+06  4.04594e+07
Omega Weights:
     35.6683     -904.093        129.8      275.329     -17.5002      8.07811      5949.61 -2.11605e+06        73038       191641     -2121.12      4363.19
    -904.093       295596     -14997.4     -27811.9      3174.35     -241.079     -54520.8  9.82255e+08 -7.82344e+06 -1.53665e+07       434690      -331577
       129.8     -14997.4      6731.78      10825.8     -1070.69      1352.95      4333.39   -4.062e+07  3.49871e+06  6.11066e+06      -133764       653955
     275.329     -27811.9      10825.8        22906     -2543.52     -2434.33      17637.7 -7.53888e+07  5.77416e+06  1.26424e+07      -318606      -972194
    -17.5002      3174.35     -1070.69     -2543.52      1659.33      533.707     -650.208  9.60033e+06      -459336      -844783       340112       225458
     8.07811     -241.079      1352.95     -2434.33      533.707      4190.31      -1299.4     -99494.5       594472 -1.01635e+06      67916.2  1.85484e+06
     5949.61     -54520.8      4333.39      17637.7     -650.208      -1299.4   1.1731e+06 -9.61539e+07  2.40086e+06  1.42282e+07     -75596.9      -497620
-2.11605e+06  9.82255e+08   -4.062e+07 -7.53888e+07  9.60033e+06     -99494.5 -9.61539e+07  3.50493e+12 -2.07776e+10 -4.00345e+10  1.37882e+09 -8.06575e+08
       73038 -7.82344e+06  3.49871e+06  5.77416e+06      -459336       594472  2.40086e+06 -2.07776e+10  1.95767e+09  3.62503e+09 -5.65984e+07  2.92218e+08
      191641 -1.53665e+07  6.11066e+06  1.26424e+07      -844783 -1.01635e+06  1.42282e+07 -4.00345e+10  3.62503e+09  8.44336e+09 -1.00746e+08 -4.08847e+08
    -2121.12       434690      -133764      -318606       340112      67916.2     -75596.9  1.37882e+09 -5.65984e+07 -1.00746e+08   9.0324e+07  2.92394e+07
     4363.19      -331577       653955      -972194       225458  1.85484e+06      -497620 -8.06575e+08  2.92218e+08 -4.08847e+08  2.92394e+07  8.64096e+08
Omega Weights:
     13745.4     -37696.4     -5331.21      30351.2     -23.2967     -853.048  4.59961e+06 -4.34155e+07 -1.21258e+06   8.1059e+07     -1358.99      -424542
    -37696.4       316769      9321.13      -169290      275.794      6645.33 -9.84332e+06  5.29672e+08  1.65773e+06 -3.95639e+08      22548.4  3.26953e+06
    -5331.21      9321.13       3944.1      2530.15     -7.05795      1156.24 -1.62246e+06   6.2776e+06  1.07099e+06  5.57979e+06     -800.306       575459
     30351.2      -169290      2530.15       257870      -309.87       -11651  9.13599e+06 -2.42223e+08   1.9908e+06  6.74489e+08     -21346.5 -6.02443e+06
    -23.2967      275.794     -7.05795      -309.87      17.2549      47.4938        -6141       532484     -2556.02      -522414      2631.27      28174.3
    -853.048      6645.33      1156.24       -11651      47.4938      6804.81      -225777  1.04088e+07       290437 -2.56628e+07      3033.78  3.54607e+06
 4.59961e+06 -9.84332e+06 -1.62246e+06  9.13599e+06        -6141      -225777  1.78875e+09 -1.12083e+10 -3.63593e+08  2.55704e+10      -347239 -1.18304e+08
-4.34155e+07  5.29672e+08   6.2776e+06 -2.42223e+08       532484  1.04088e+07 -1.12083e+10  1.07314e+12  4.97362e+08 -5.44645e+11  4.88998e+07  5.13693e+09
-1.21258e+06  1.65773e+06  1.07099e+06   1.9908e+06     -2556.02       290437 -3.63593e+08  4.97362e+08  3.12449e+08  5.05783e+09      -240878  1.46792e+08
  8.1059e+07 -3.95639e+08  5.57979e+06  6.74489e+08      -522414 -2.56628e+07  2.55704e+10 -5.44645e+11  5.05783e+09  1.90075e+12 -3.09944e+07 -1.29779e+10
    -1358.99      22548.4     -800.306     -21346.5      2631.27      3033.78      -347239  4.88998e+07      -240878 -3.09944e+07       484432  1.77409e+06
     -424542  3.26953e+06       575459 -6.02443e+06      28174.3  3.54607e+06 -1.18304e+08  5.13693e+09  1.46792e+08 -1.29779e+10  1.77409e+06  1.98741e+09
Omega Weights:
     11131.2     -17742.1     -2815.56      17506.6     -14.0394      -1304.1  3.96917e+06 -1.70007e+07      -462580  5.79427e+07     -889.827      -685110
    -17742.1      97494.5      7014.67     -53408.1      119.069      4318.58 -4.07908e+06  1.32687e+08  1.16109e+06  -1.4738e+08      10449.5  2.26746e+06
    -2815.56      7014.67      1526.98     -2351.56      3.71824      1587.26      -696428  6.23455e+06       259355 -6.06665e+06      141.364       821980
     17506.6     -53408.1     -2351.56       262212      -151.37     -9804.66  5.34467e+06 -6.59471e+07      -173801  9.33298e+08     -9759.13 -5.30993e+06
    -14.0394      119.069      3.71824      -151.37      5.78819       22.158     -3361.31       212735      438.106      -336130       773.51      13331.8
     -1304.1      4318.58      1587.26     -9804.66       22.158      6866.95      -342951  5.46997e+06       225403 -2.89367e+07      1247.88  3.59496e+06
 3.96917e+06 -4.07908e+06      -696428  5.34467e+06     -3361.31      -342951  1.71365e+09 -3.87409e+09 -1.12921e+08  1.86271e+10      -201788 -1.83664e+08
-1.70007e+07  1.32687e+08  6.23455e+06 -6.59471e+07       212735  5.46997e+06 -3.87409e+09  2.29689e+11  1.00436e+09 -1.73048e+11  2.10624e+07  2.91144e+09
     -462580  1.16109e+06       259355      -173801      438.106       225403 -1.12921e+08  1.00436e+09  4.69661e+07  -2.7594e+08      11879.8  1.24075e+08
 5.79427e+07  -1.4738e+08 -6.06665e+06  9.33298e+08      -336130 -2.89367e+07  1.86271e+10 -1.73048e+11  -2.7594e+08  3.49625e+12 -1.80571e+07 -1.54168e+10
    -889.827      10449.5      141.364     -9759.13       773.51      1247.88      -201788  2.10624e+07      11879.8 -1.80571e+07       114598       769427
     -685110  2.26746e+06       821980 -5.30993e+06      13331.8  3.59496e+06 -1.83664e+08  2.91144e+09  1.24075e+08 -1.54168e+10       769427  2.02598e+09
Omega Weights:
     8308.57     -5831.19     -911.237      8554.04     -10.6013     -1166.63  3.39972e+06 -5.68849e+06      -126934  2.99968e+07     -795.308      -618180
    -5831.19      32707.8      1990.16       -18733      91.9696      2595.43 -1.29896e+06  4.69795e+07       288907 -5.07991e+07      9042.22  1.44682e+06
    -911.237      1990.16      540.957     -1200.55      3.43234      1446.64      -223685  1.85231e+06      71184.7 -2.91826e+06      183.267       752808
     8554.04       -18733     -1200.55       266385     -122.772      -7947.2  2.89015e+06 -2.52154e+07      -106608  1.03208e+09     -8435.79 -4.42584e+06
    -10.6013      91.9696      3.43234     -122.772      4.73459       18.113     -2476.95       166730      403.299      -290325      614.939        10854
    -1166.63      2595.43      1446.64      -7947.2       18.113      6876.09      -329443   3.1589e+06       162868 -2.55163e+07      1067.57  3.60225e+06
 3.39972e+06 -1.29896e+06      -223685  2.89015e+06     -2476.95      -329443  1.61704e+09 -1.24448e+09 -3.05811e+07  1.06439e+10      -173440 -1.77161e+08
-5.68849e+06  4.69795e+07  1.85231e+06 -2.52154e+07       166730   3.1589e+06 -1.24448e+09   8.3074e+10  2.64966e+08 -6.71669e+10  1.79167e+07  1.77725e+09
     -126934       288907      71184.7      -106608      403.299       162868 -3.05811e+07  2.64966e+08  1.01571e+07 -1.80995e+08      21174.2  9.04889e+07
 2.99968e+07 -5.07991e+07 -2.91826e+06  1.03208e+09      -290325 -2.55163e+07  1.06439e+10 -6.71669e+10 -1.80995e+08  4.19831e+12 -1.63653e+07 -1.40057e+10
    -795.308      9042.22      183.267     -8435.79      614.939      1067.57      -173440  1.79167e+07      21174.2 -1.63653e+07      85949.9       667327
     -618180  1.44682e+06       752808 -4.42584e+06        10854  3.60225e+06 -1.77161e+08  1.77725e+09  9.04889e+07 -1.40057e+10       667327  2.03179e+09
Weights:

w0
     74.4108     0.120179    -0.882111     0.838454   -0.0177257     0.944389     -4.58509 -1.93912e-05  1.21632e-05   0.00271505  2.09791e-05  0.000701633
    0.120179  0.000296339 -0.000559611 -0.000449498 -4.32003e-05 -0.000342634  -0.00657751 -5.53972e-08  -4.0928e-08  3.92457e-06  5.64862e-08  1.14165e-06
   -0.882111 -0.000559611     0.392918    -0.808026  -0.00072422    -0.868617    0.0457921  9.76791e-08 -3.22019e-05  0.000233586  6.37903e-07  0.000209301
    0.838454 -0.000449498    -0.808026      1.79368    0.0169047      1.77335   -0.0307321  5.96502e-08  2.61625e-05 -0.000851041 -2.73535e-05 -0.000146292
  -0.0177257 -4.32003e-05  -0.00072422    0.0169047   0.00387537 -0.000146865    0.0010726  7.58596e-09 -3.91657e-08 -9.30062e-05 -7.44731e-06  2.62266e-06
    0.944389 -0.000342635    -0.868617      1.77335 -0.000146865      1.96639   -0.0381219   3.4132e-08  9.05506e-05 -0.000606674  1.59303e-06 -0.000717402
    -4.58509  -0.00657751    0.0457921   -0.0307321    0.0010726   -0.0381219     0.326474  1.02182e-06 -3.74748e-06  -0.00020936 -1.19979e-06 -4.54852e-05
-1.93912e-05 -5.53972e-08  9.76791e-08  5.96502e-08  7.58596e-09  3.41319e-08  1.02182e-06  1.09933e-11  6.87169e-12 -6.15991e-10 -1.02821e-11 -1.60726e-10
 1.21632e-05  -4.0928e-08 -3.22019e-05  2.61625e-05 -3.91657e-08  9.05506e-05 -3.74748e-06  6.87169e-12  6.12716e-08 -4.66446e-07  5.00648e-10 -4.14395e-07
  0.00271505  3.92457e-06  0.000233586 -0.000851041 -9.30062e-05 -0.000606674  -0.00020936 -6.15991e-10 -4.66446e-07  8.96547e-06  1.47971e-07  3.00752e-06
 2.09791e-05  5.64862e-08  6.37903e-07 -2.73535e-05 -7.44731e-06  1.59303e-06 -1.19979e-06 -1.02821e-11  5.00648e-10  1.47971e-07  1.58876e-08 -6.55586e-09
 0.000701633  1.14165e-06  0.000209301 -0.000146292  2.62266e-06 -0.000717402 -4.54852e-05 -1.60726e-10 -4.14395e-07  3.00752e-06 -6.55586e-09  3.34218e-06
w1
     1.60029   0.00648534      1.80015    -0.980231    0.0347203     -1.16227  -0.00184522 -1.34013e-06 -0.000226697  0.000103763 -9.54494e-05  0.000141695
  0.00648534  8.71708e-05    0.0056996  -0.00309339  0.000114757  -0.00367596 -1.14764e-05 -2.19968e-08 -6.97583e-07  3.19418e-07 -3.02474e-07  4.37729e-07
     1.80015    0.0056996      2.72119     -1.48079    0.0505152     -1.74937  0.000144349 -1.09311e-06 -0.000348937  0.000164667 -0.000139297  0.000209292
   -0.980231  -0.00309339     -1.48079     0.806691   -0.0269283     0.952991   -8.378e-05  5.93822e-07  0.000186532 -8.93101e-05   7.4259e-05 -0.000113937
   0.0347203  0.000114757    0.0505152   -0.0269283   0.00531853   -0.0328388  1.25983e-06 -2.23568e-08 -5.06276e-06  1.79379e-06 -1.72323e-05  3.56838e-06
    -1.16227  -0.00367596     -1.74937     0.952991   -0.0328388      1.13118 -8.55263e-05  7.04135e-07   0.00021818 -0.000104414  9.06017e-05 -0.000144634
 -0.00184522 -1.14764e-05  0.000144349   -8.378e-05  1.25983e-06 -8.55263e-05  1.03001e-05  2.57865e-09  3.17015e-08  1.24526e-08 -3.48729e-09 -1.17046e-08
-1.34013e-06 -2.19968e-08 -1.09311e-06  5.93822e-07 -2.23568e-08  7.04135e-07  2.57865e-09  5.93943e-12   1.3152e-10  -6.0981e-11  5.67707e-11 -8.01583e-11
-0.000226697 -6.97583e-07 -0.000348937  0.000186532 -5.06276e-06   0.00021818  3.17015e-08   1.3152e-10  6.91149e-08 -2.74628e-08  1.43101e-08 -2.89069e-08
 0.000103763  3.19418e-07  0.000164667 -8.93101e-05  1.79379e-06 -0.000104414  1.24526e-08  -6.0981e-11 -2.74628e-08  1.25819e-08 -5.12428e-09  1.35237e-08
-9.54494e-05 -3.02474e-07 -0.000139297   7.4259e-05 -1.72323e-05  9.06017e-05 -3.48729e-09  5.67707e-11  1.43101e-08 -5.12428e-09  6.83732e-08 -1.01773e-08
 0.000141695  4.37729e-07  0.000209292 -0.000113937  3.56838e-06 -0.000144634 -1.17046e-08 -8.01583e-11 -2.89069e-08  1.35237e-08 -1.01773e-08  3.99987e-08
w2
   0.0100273  0.000198126    0.0140258  -0.00122763   0.00139391  -0.00275136 -1.22773e-05 -6.31987e-08 -1.70825e-05  1.68672e-07 -5.12829e-06  7.23205e-07
 0.000198126  4.39439e-05   0.00015367  4.26938e-06  0.000166255 -2.27563e-05 -2.96817e-07 -1.73004e-08 -2.95205e-07 -1.61197e-09 -5.81475e-07  1.55678e-08
   0.0140258   0.00015367    0.0263753  -0.00180459   0.00389635  -0.00432801  -1.5565e-05 -4.46303e-08 -4.42636e-05  2.63785e-07 -1.50783e-05  1.49731e-06
 -0.00122763  4.26938e-06  -0.00180459  0.000247081   0.00117082  0.000382637  1.41129e-06  1.78182e-10  1.92848e-06 -4.82573e-08 -5.38429e-06 -6.62964e-08
  0.00139391  0.000166255   0.00389635   0.00117082     0.392302   0.00151887 -1.09289e-06  -7.1382e-08 -8.43397e-06 -3.79683e-07  -0.00208735 -5.69999e-06
 -0.00275136 -2.27563e-05  -0.00432801  0.000382637   0.00151887   0.00298313  3.00971e-06  4.89999e-09   5.2785e-06 -5.05468e-08 -8.07687e-06  -4.0277e-06
-1.22773e-05 -2.96817e-07  -1.5565e-05  1.41129e-06 -1.09289e-06  3.00971e-06  1.68037e-08  9.65847e-11  1.85171e-08 -2.05109e-10  3.74659e-09 -6.63823e-10
-6.31987e-08 -1.73004e-08 -4.46303e-08  1.78182e-10  -7.1382e-08  4.89999e-09  9.65847e-11  8.16187e-12  9.38466e-11 -1.10152e-14  2.17219e-10 -1.85132e-12
-1.70825e-05 -2.95205e-07 -4.42636e-05  1.92848e-06 -8.43397e-06   5.2785e-06  1.85171e-08  9.38466e-11  1.00823e-07 -3.25724e-10  3.28314e-08 -2.54323e-09
 1.68672e-07 -1.61197e-09  2.63785e-07 -4.82573e-08 -3.79683e-07 -5.05468e-08 -2.05109e-10 -1.10152e-14 -3.25724e-10  1.22233e-11  1.70411e-09  1.76744e-12
-5.12829e-06 -5.81475e-07 -1.50783e-05 -5.38429e-06  -0.00208735 -8.07687e-06  3.74659e-09  2.17219e-10  3.28314e-08  1.70411e-09  1.32049e-05   2.8485e-08
 7.23205e-07  1.55678e-08  1.49731e-06 -6.62964e-08 -5.69999e-06  -4.0277e-06 -6.63823e-10 -1.85132e-12 -2.54323e-09  1.76744e-12   2.8485e-08  7.40405e-09
w3
  0.00284567  0.000105368   0.00527054 -0.000129064   0.00287921  -0.00099418  -5.0235e-06 -3.15903e-08 -1.23197e-05  1.97787e-08 -1.63816e-05  6.14102e-07
 0.000105368  0.000113432 -0.000264987  2.57425e-05 -0.000644137  4.62732e-05   -2.021e-07  -5.2395e-08  1.49827e-07 -5.40698e-09  5.17408e-06  1.04764e-08
  0.00527054 -0.000264987    0.0296996 -0.000245139    0.0112727  -0.00586986 -8.39626e-06  1.25246e-07 -0.000117712   4.0153e-08 -6.63479e-05  6.32668e-06
-0.000129064  2.57425e-05 -0.000245139   0.00011609   0.00347215  4.02487e-05  2.16337e-07 -5.37511e-09 -2.21842e-08 -2.88109e-08 -2.05682e-05   5.4266e-08
  0.00287921 -0.000644137    0.0112727   0.00347215      2.11141  0.000966309 -4.38987e-06  5.33268e-08 -1.58692e-05 -8.63382e-07   -0.0139829 -1.01497e-05
 -0.00099418  4.62732e-05  -0.00586986  4.02487e-05  0.000966309    0.0032246  1.56361e-06 -2.39467e-08  2.33889e-05 -5.12577e-09 -5.93612e-06 -4.92214e-06
 -5.0235e-06   -2.021e-07 -8.39626e-06  2.16337e-07 -4.38987e-06  1.56361e-06  9.66582e-09  6.26005e-11  1.93519e-08 -3.58913e-11  2.48773e-08 -9.26089e-10
-3.15903e-08  -5.2395e-08  1.25246e-07 -5.37511e-09  5.33268e-08 -2.39467e-08  6.26005e-11  3.01952e-11 -1.06588e-10  9.26094e-13 -1.47244e-09  1.61235e-12
-1.23197e-05  1.49827e-07 -0.000117712 -2.21842e-08 -1.58692e-05  2.33889e-05  1.93519e-08 -1.06588e-10  5.63874e-07   5.6535e-12  8.82918e-08 -3.06469e-08
 1.97787e-08 -5.40698e-09   4.0153e-08 -2.88109e-08 -8.63382e-07 -5.12577e-09 -3.58913e-11  9.26094e-13   5.6535e-12  7.56941e-12  5.07663e-09 -1.35445e-11
-1.63816e-05  5.17408e-06 -6.63479e-05 -2.05682e-05   -0.0139829 -5.93612e-06  2.48773e-08 -1.47244e-09  8.82918e-08  5.07663e-09  0.000101584  6.32428e-08
 6.14102e-07  1.04764e-08  6.32668e-06   5.4266e-08 -1.01497e-05 -4.92214e-06 -9.26089e-10  1.61235e-12 -3.06469e-08 -1.35445e-11  6.32428e-08  8.72919e-09
w4
  0.00192589  0.000109258   0.00464041 -2.05081e-05   0.00353098 -0.000838636 -3.67551e-06 -3.33919e-08 -1.32869e-05  8.56744e-10 -2.15278e-05  5.25589e-07
 0.000109258  0.000343122  -0.00124368  2.60711e-05   -0.0049401  0.000265768  -2.1085e-07 -1.67026e-07  9.80488e-07 -4.91693e-09  3.61583e-05 -1.00024e-07
  0.00464041  -0.00124368     0.108262 -4.99928e-05    0.0356997   -0.0213596 -7.85736e-06  5.96223e-07 -0.000582153 -2.73384e-09 -0.000239823  2.45351e-05
-2.05081e-05  2.60711e-05 -4.99928e-05  9.66379e-05   0.00404504  7.10218e-07  3.42247e-08 -6.48551e-09 -3.93725e-07 -2.31651e-08 -2.56204e-05  5.62793e-08
  0.00353098   -0.0049401    0.0356997   0.00404504      3.65845  -0.00552678 -6.17308e-06  1.25954e-06  -2.0612e-05 -9.27725e-07   -0.0256153 -8.27296e-06
-0.000838636  0.000265768   -0.0213596  7.10217e-07  -0.00552678   0.00626892  1.40912e-06 -1.26684e-07  0.000114246  3.16268e-09  3.89574e-05 -8.45912e-06
-3.67551e-06  -2.1085e-07 -7.85736e-06  3.42247e-08 -6.17308e-06  1.40912e-06  7.69861e-09  6.52405e-11  2.19849e-08 -2.21055e-12    3.757e-08  -8.4013e-10
-3.33919e-08 -1.67026e-07  5.96223e-07 -6.48551e-09  1.25954e-06 -1.26684e-07  6.52405e-11  9.67469e-11 -7.08346e-10  1.03255e-12 -1.21775e-08  5.53433e-11
-1.32869e-05  9.80488e-07 -0.000582153 -3.93725e-07  -2.0612e-05  0.000114246  2.19849e-08 -7.08346e-10  3.54663e-06  8.72759e-11  1.82945e-07 -1.47219e-07
 8.56744e-10 -4.91693e-09 -2.73384e-09 -2.31651e-08 -9.27725e-07  3.16268e-09 -2.21055e-12  1.03255e-12  8.72759e-11  5.82545e-12  5.82519e-09 -1.30763e-11
-2.15278e-05  3.61583e-05 -0.000239823 -2.56204e-05   -0.0256153  3.89574e-05    3.757e-08 -1.21775e-08  1.82945e-07  5.82519e-09   0.00019169  5.14967e-08
 5.25589e-07 -1.00024e-07  2.45351e-05  5.62793e-08 -8.27296e-06 -8.45912e-06  -8.4013e-10  5.53433e-11 -1.47219e-07 -1.30763e-11  5.14967e-08   1.3125e-08
XtmVec:   0.212331     1791.04     210.097     13.7762     145.219     62.8143   0.0799849 3.47631e+06     50904.9     302.035     27324.3     4379.36
XtmVec:   0.348552     1676.04     209.961     59.9011     76.2073     131.826     41.2922 3.09037e+06     50760.1      8842.3       11066     19087.9
XtmVec:   7.36702    1384.75    202.943    330.059    48.0595    159.974    1726.76 2.3676e+06    46242.6     282867    6818.59    28032.6
XtmVec:    23.8371     1186.33     186.473     543.316     46.4246     161.609     4640.92 2.02865e+06     38366.3      710388     6766.21       28620
XtmVec:    32.5951     1082.27     177.715     655.691     45.9837      162.05     5632.02 1.87489e+06     34662.2      980221     6759.54     28780.3
seedk:0.533865      0.1 0.761943 0.120898 0.590511 0.785088| cost:27754.5
PSO begins!
current:0.533865      0.1 0.761943 0.120898 0.590511 0.785088 27754.5
GBMAT from blind PSO:

0.533865      0.1 0.761943 0.120898 0.590511 0.785088  27754.5
0.533865      0.1 0.761943 0.120898 0.590511 0.785088  27754.5

truk:  0.1  0.1 0.95 0.17 0.05 0.18
total difference b/w truk and final GBVEC0.884299

blind PSO FINISHED RUNNING IN 98 s TIME!
truk:  0.1  0.1 0.95 0.17 0.05 0.18 with trukCost with new weights:0.160266
CODE FINISHED RUNNING IN 98 s TIME!
Job Statistics for 2451798:
           JobID       User               Start                 End    Elapsed     MaxRSS   TotalCPU      State Exit        NodeList                                  ReqTRES 
---------------- ---------- ------------------- ------------------- ---------- ---------- ---------- ---------- ---- --------------- ---------------------------------------- 
         2451798   rsjxw007 2022-01-22T20:53:34 2022-01-22T20:55:13   00:01:39             01:37.916  COMPLETED  0:0   r1pl-hpcf-n21        billing=2,cpu=2,mem=15624M,node=1 
   2451798.batch            2022-01-22T20:53:34 2022-01-22T20:55:13   00:01:39      5.91M  01:37.915  COMPLETED  0:0   r1pl-hpcf-n21                                          
  2451798.extern            2022-01-22T20:53:34 2022-01-22T20:55:13   00:01:39          0  00:00.001  COMPLETED  0:0   r1pl-hpcf-n21                                          
CPU Efficiency: 49.49% of 00:03:18 core-walltime
